2 5 1 8 6 9 3 4 10 7 
-1

5 100 9 76 28 66 74 56 49 30 34 32 50 91 
68 51 86 8 67 85 37 20 96 2 47 59 53 
1 18 75 52 80 57 42 10 69 15 97 88 73 
44 94 46 81 78 41 31 48 19 92 38 12 35 
55 83 63 39 33 71 22 21 16 24 90 40 27 
14 7 99 45 58 64 13 93 54 87 11 25 60 
65 61 95 17 84 77 98 72 26 43 36 6 4 
23 79 29 89 62 70 82 3 
-1

939 72 654 233 565 661 70 120 737 333 141 947 36 648 
7 235 584 430 171 159 476 592 220 779 44 485 62 
342 158 19 420 571 213 117 445 285 132 867 456 898 
620 388 995 483 119 164 355 299 668 642 53 556 658 
146 471 287 608 279 509 841 570 685 399 140 184 762 
239 312 890 106 504 52 9 154 353 269 981 491 863 
850 626 162 415 332 167 207 234 283 166 683 950 200 
502 434 577 672 54 92 93 630 450 700 237 467 531 
10 583 550 882 961 701 518 754 212 208 118 412 150 
156 734 906 833 818 864 174 811 284 888 875 274 244 
602 311 901 601 606 380 645 418 755 95 340 449 337 
719 316 913 835 972 308 381 527 331 993 282 490 926 
635 730 880 510 302 524 854 709 900 877 653 309 959 
847 705 618 104 989 520 555 687 669 894 17 398 155 
173 367 94 122 675 740 588 209 856 725 369 461 868 
589 916 451 708 699 352 659 379 65 390 338 887 842 
631 539 551 706 472 323 432 817 991 258 293 286 433 
290 513 686 884 596 407 86 965 824 270 105 622 805 
459 609 48 823 238 394 778 177 266 422 643 455 395 
336 617 670 81 998 5 803 223 325 454 871 610 810 
729 938 123 38 437 359 265 925 512 404 30 273 768 
591 29 528 416 969 593 260 855 289 229 464 137 199 
636 568 715 88 113 328 703 931 869 492 444 495 952 
615 848 928 820 970 351 546 142 607 56 910 22 475 
911 344 949 241 575 411 881 501 202 987 572 378 644 
191 918 298 218 678 458 497 402 597 828 219 710 183 
711 197 251 313 599 557 114 511 135 357 494 3 25 
20 39 573 181 857 462 59 57 761 259 127 43 549 
940 452 628 280 682 984 860 480 923 80 253 443 764 
990 111 716 899 542 128 406 425 185 486 180 247 403 
401 148 245 790 693 968 1000 413 304 130 90 396 45 
397 121 543 482 578 28 499 440 967 193 124 638 196 
161 690 315 590 793 91 799 977 360 335 535 370 789 
844 271 391 368 385 484 957 506 746 60 436 932 324 
895 785 667 384 431 665 13 419 953 647 330 107 834 
347 544 496 603 526 23 79 822 748 326 203 976 243 
784 773 988 743 876 250 851 751 581 656 362 522 935 
318 553 783 671 816 674 32 487 143 632 231 508 320 
722 611 205 189 849 525 295 829 268 794 637 473 695 
739 365 515 769 109 646 655 929 521 296 922 696 517 
168 963 999 26 721 261 585 804 889 466 35 714 301 
541 774 465 933 210 68 560 186 278 752 561 133 255 
116 310 8 997 634 579 463 479 125 978 713 350 214 
540 195 134 912 182 334 71 677 179 845 373 587 924 
470 664 582 224 63 345 945 692 892 697 442 408 246 
676 198 84 55 85 663 153 782 31 230 576 417 176 
67 329 129 477 40 147 728 178 649 100 4 971 14 
215 364 76 453 903 421 698 908 149 358 852 400 623 
24 82 375 194 165 144 792 136 936 983 69 361 920 
612 616 846 684 814 1 488 414 750 339 292 679 760 
766 652 745 798 873 909 758 469 986 717 574 791 787 
441 346 930 832 907 221 42 281 41 691 765 802 775 
242 211 102 15 763 217 303 548 145 47 96 937 272 
73 944 206 190 474 376 741 503 992 33 902 861 249 
885 387 639 439 204 366 660 264 702 732 800 61 973 
262 319 866 566 11 175 126 735 827 545 724 58 680 
826 874 621 500 662 170 558 731 383 254 389 489 321 
131 236 152 275 18 843 21 640 538 681 75 12 807 
955 666 781 349 300 747 812 226 66 438 808 757 447 
519 564 831 980 915 377 537 305 563 371 796 187 712 
941 562 776 825 77 738 788 478 756 64 534 78 996 
435 248 651 749 225 222 97 726 830 865 694 554 160 
942 619 16 948 423 429 840 49 291 982 108 772 883 
742 837 962 448 839 625 815 188 974 838 767 641 569 
89 771 934 736 819 536 2 240 256 263 216 878 172 
27 343 595 600 424 627 138 288 446 954 428 958 327 
870 891 801 886 50 426 228 297 919 689 946 960 552 
112 103 559 374 322 276 110 294 821 809 192 6 893 
532 905 927 98 393 481 405 759 795 356 533 505 169 
409 460 723 604 897 468 862 307 780 83 964 943 614 
914 858 853 46 797 99 727 836 813 979 516 657 605 
507 363 859 427 354 530 594 74 314 650 34 985 257 
613 523 786 733 386 580 624 277 267 975 306 498 951 
633 115 806 139 718 921 629 372 966 51 201 707 770 
547 994 493 163 382 777 879 704 904 753 688 872 37 
720 410 529 227 341 744 348 917 956 157 232 514 87 
896 151 673 317 586 252 457 392 598 101 567 
-1

3062 685 4757 3584 2515 2355 2064 2850 4216 3267 4760 3161 3007 2938 
2257 3475 1649 392 3058 2019 4763 2214 2856 2294 1207 2295 857 
3873 3066 295 214 4605 506 1126 1084 1522 2604 2452 16 1169 
8 3464 4483 419 2740 3180 985 1567 1964 1058 4357 810 252 
1178 4958 3631 2205 457 611 2565 3189 3182 4533 4239 1656 2811 
286 1286 4769 758 2329 1529 1775 2357 2932 1850 2055 1137 2690 
612 421 1878 1260 2778 4696 2603 1534 2281 2617 105 394 1320 
4243 3478 133 1745 2557 4936 3006 3197 166 1190 2879 3261 1914 
4338 3080 3968 1383 3020 1552 3534 4886 4070 1248 2271 3565 51 
4082 1600 2710 3724 32 2420 373 2463 825 376 1313 1394 2936 
924 1088 3497 3900 4698 4285 773 1244 2148 4790 4669 2157 4095 
1107 404 2664 910 763 614 3774 4914 2445 1395 994 1490 2893 
42 596 1361 2628 1459 1262 2834 615 999 2106 3108 4577 2002 
2415 2632 2016 3313 1209 1657 329 4832 263 1992 1947 3857 4347 
752 2960 4035 305 3254 1818 4337 382 1448 1296 3832 3256 449 
2475 1224 814 3166 360 4704 4739 2252 347 4854 2965 644 402 
918 870 963 655 2590 1706 4047 1851 802 3686 2919 4081 1233 
2613 354 908 2411 3651 278 1222 3194 2551 590 3738 3519 458 
37 34 280 3851 4907 4695 1020 334 738 3242 2618 2568 2363 
2326 2155 3504 2729 1203 923 2688 1888 3106 2829 4414 641 2715 
824 1239 2372 581 2841 401 300 508 3765 577 3797 2435 2319 
1597 1670 2655 2685 2616 2743 2029 4069 3984 2253 3859 797 3628 
1219 3621 1371 465 1630 4557 3630 245 2127 3854 1859 2972 715 
3717 576 216 2996 4720 4267 2987 541 1926 1213 3881 2090 22 
206 4478 766 2070 1485 4196 2837 1655 2471 1847 3669 4209 2502 
3198 2003 1408 4584 947 3516 4694 3038 3091 2202 1685 3354 1328 
1598 4518 1465 1804 2511 3482 1815 1903 664 4402 2474 1664 434 
2596 3903 971 3943 1004 3782 2869 3637 4264 3390 1168 2962 593 
4420 155 1271 1756 527 1517 4367 3393 1887 995 2610 3291 390 
1453 2406 297 1538 1212 3790 2007 2530 424 569 4441 1128 466 
1086 88 200 3568 4465 3366 834 47 2529 1272 3231 4031 1185 
2434 2051 3004 2224 2591 2611 659 1006 1016 3077 2807 835 1149 
4859 2058 3143 2656 1865 3319 3465 4507 1442 3357 4133 2031 2593 
4040 608 473 235 185 4591 760 1261 2288 1694 2011 3025 1819 
4633 1733 3682 2446 2860 1738 1609 3939 141 2150 2132 4912 3501 
2385 2947 4107 1305 4128 2619 1214 4442 2156 4159 3306 4455 663 
2390 2113 949 2308 3072 2756 4888 2945 1513 779 726 2309 2026 
2172 4079 4509 3602 4657 4998 899 1341 4978 328 4709 952 127 
3992 1532 1204 121 1192 683 2015 1993 2909 357 2699 1267 1456 
1535 4548 2121 2501 1823 2490 3564 1151 1556 4321 1786 1621 1218 
3273 2836 1329 4174 2923 556 2864 2366 4075 462 4699 4443 1251 
2109 2196 1045 2091 4139 3820 2188 3408 2737 4652 3134 222 4794 
2241 1109 3920 2956 2948 1608 3097 3128 3890 2402 3229 1488 3381 
2209 4919 2547 709 1274 1946 4132 4276 1625 3459 1896 4777 2105 
1511 366 2857 1115 4595 1382 1067 1170 2951 1215 832 3017 1874 
2806 2641 1660 197 1761 3083 4352 2789 383 1221 796 1691 3286 
1606 2673 786 3155 2640 1055 4327 324 130 4417 2369 856 3592 
955 4544 4005 4939 595 3830 2892 627 2666 2720 750 4514 4112 
1965 1784 3084 634 2884 3179 1187 1703 1793 2334 1191 2484 706 
4303 4670 422 1364 1025 1053 4892 3413 1258 3377 2010 1282 932 
368 1764 2373 1360 1876 3914 2750 2207 2408 179 4901 4830 4579 
3695 1652 4494 4862 2130 1981 1900 1354 2458 1788 1080 669 3819 
1509 3049 1644 3379 3759 3672 769 1306 1480 3982 980 966 3705 
2908 3794 2608 1628 2440 1777 3786 369 232 2989 3853 1275 530 
2746 1113 1044 1798 3141 463 3252 1388 632 4344 3987 4126 62 
1997 3398 255 1254 3325 1257 1195 705 4176 845 4682 1549 3329 
4969 4543 3590 1648 3395 507 162 3386 4609 56 2873 582 1415 
391 4272 1933 903 3458 878 2237 1996 4891 1732 2999 2627 2917 
4815 771 195 3359 837 4823 997 961 1972 1766 3879 790 4459 
4650 610 4387 1528 554 331 3991 352 2816 1450 1273 3278 666 
3802 3428 515 4021 1188 3660 1322 4403 2012 2234 4804 3905 1031 
2469 1252 4290 2302 2092 50 2800 4004 954 319 3446 2414 3924 
2273 2734 3781 684 568 1895 1449 2694 1034 150 4835 2451 643 
4208 1976 435 2383 1389 2761 742 4307 1307 3440 4252 1386 4030 
408 4211 4087 879 4100 3387 1939 4700 4230 1048 915 3361 4492 
682 2888 3407 1789 986 4172 1642 2034 3740 1463 4950 2059 3821 
375 3766 1510 850 2665 2131 3860 1860 505 1155 433 1614 821 
2259 257 4293 1846 2349 1300 1146 1839 3521 160 4454 690 1740 
1288 3889 1547 1226 3509 1746 977 3997 1943 3693 1584 2009 2808 
2986 24 2242 451 597 1265 3132 2683 2231 490 4899 567 3721 
2338 1787 3060 57 605 2595 1868 1537 1093 2654 979 630 3002 
3144 167 3836 822 2164 386 2833 164 4144 3090 3219 2533 4028 
1795 2171 528 3486 25 4944 998 864 2679 333 335 826 26 
1961 4173 1118 3027 3852 4821 1259 2689 3451 2378 4989 4313 4791 
2990 3768 1931 1402 308 4797 2213 3574 4039 192 2393 4744 667 
921 349 2195 2304 2340 504 2232 187 3148 1094 4942 98 1541 
1521 2802 731 1021 3972 4833 2498 950 4226 4878 1627 774 670 
3228 4016 3801 3596 4099 229 3489 4674 874 1484 3575 1287 1318 
4663 1057 2072 1802 1294 4971 4703 1196 2522 4236 75 3191 3168 
460 2575 749 77 1505 4885 906 580 2889 1730 2027 3005 1495 
3613 3081 996 1366 3958 795 875 1785 4480 4472 3438 1828 3778 
2359 2060 2980 1558 4177 3327 1283 4056 4754 1962 3559 4270 4816 
1163 1768 277 4613 1435 3008 3880 951 325 2635 1308 1152 1277 
1304 1102 3226 332 4246 2075 1401 2117 665 1892 888 3240 981 
925 992 2600 4925 4339 2094 4602 1293 735 2592 2098 3838 1443 
2425 230 3243 948 218 3552 3292 2480 807 2186 586 3901 4848 
546 2846 719 3646 1143 4976 775 2335 2784 3640 2489 3281 1562 
3119 1988 1264 1790 2353 157 271 1368 1396 1030 2525 945 4877 
3221 1783 1210 2922 2717 2862 3722 2154 4896 3847 1145 3105 2852 
4900 3102 1572 1626 4397 1063 3639 2382 342 4384 1487 2733 2342 
3104 4089 343 1023 2500 3071 638 3718 44 138 2777 4188 3067 
4255 4222 2433 3576 2812 303 757 1919 54 4668 1410 1390 3952 
2306 2589 972 4897 4281 3954 1464 1643 4386 64 4869 1356 1702 
2563 3789 395 2410 1007 4621 203 2793 1911 180 301 2516 1280 
3644 4006 4908 544 265 2169 4551 320 2365 931 579 4175 3043 
288 3014 953 358 129 2249 3488 4217 4559 4138 919 3234 4096 
3950 3185 1899 1599 4637 943 1750 3341 95 4984 1059 2961 1801 
2955 3758 975 3385 1400 117 154 4759 2981 2586 4996 3871 1046 
1813 689 2713 531 1612 920 1130 4702 65 1507 4758 4404 3253 
2925 1174 1640 1486 2977 983 1309 672 514 1729 2774 4334 4688 
4074 4641 2642 1796 1350 1447 3424 1873 126 788 2676 2184 4097 
4340 4707 495 4326 92 2494 844 2871 3713 1699 511 1421 4746 
3849 1576 1776 2299 2577 2579 2662 4992 3315 4405 3499 2230 3026 
4058 4517 4749 128 1133 3863 1489 886 4054 2803 2089 3526 1650 
285 926 2798 1754 1882 2636 982 2818 3883 4315 2221 2958 1885 
2527 4180 2163 4366 3402 1568 1616 3945 4632 2625 4766 2362 4882 
2732 3036 4545 353 1907 1550 3364 1056 2886 2401 3990 406 4316 
1830 4049 3044 4424 2678 370 4278 2513 1929 4184 2116 512 1032 
3745 1175 2254 3183 4101 4323 1927 693 2200 2900 2659 646 4616 
2779 4972 3632 2134 1734 1444 4137 2622 2695 1085 1651 1857 4756 
3294 1439 4811 1585 3544 3975 898 3396 3522 2432 2258 552 4153 
968 3750 2776 764 1916 938 1125 2609 1634 3897 1379 1105 1205 
3455 1618 1043 3434 405 3045 293 1202 3349 3977 2191 2332 3375 
227 1037 1637 1917 1132 1177 4085 2918 3723 4250 233 2067 3378 
4729 2149 3650 3410 2503 2057 812 2460 3652 3009 2544 3172 3232 
148 2730 4071 3444 1698 3960 2758 4210 1147 548 4798 1647 1324 
2318 296 2219 3970 4077 4870 2144 1515 3109 2537 3336 1062 2723 
388 513 3929 309 1718 4018 1 3195 500 4809 1391 242 4982 
2819 4780 4237 4022 1580 3933 4793 3033 2670 3471 3708 4647 4624 
1594 2614 2228 3898 273 3092 3112 1731 3204 4683 3916 2087 3351 
4274 4561 4570 946 147 2418 2509 4166 1065 2346 3347 3414 877 
1452 1908 3310 211 340 1501 2450 4556 3546 1242 4802 4224 4007 
3667 1399 2354 2104 703 3447 1941 2212 1194 4233 2189 2644 4009 
3541 3711 464 4724 3000 403 3834 1166 2508 896 3909 1091 3177 
189 4169 3777 4241 1840 761 2499 3694 3213 283 3783 1327 4583 
2767 1089 3842 3115 2269 3826 1782 2760 2112 3573 1372 3011 84 
2462 4553 411 304 842 3542 1682 3926 2345 132 3042 2585 4306 
3865 3896 3947 3224 3611 1714 279 2043 1689 4628 4841 4876 4719 
4418 1385 4103 4592 1451 1700 2204 4333 244 828 940 149 2663 
30 2417 1834 4532 3010 1736 811 3659 4995 3877 729 2135 1108 
1508 272 4024 2851 1520 2344 4653 2461 3583 1863 2970 3046 2360 
3563 1978 4335 2957 2534 344 4967 3463 4453 3862 793 4268 3374 
557 4717 2849 327 487 136 1392 702 2073 3068 2607 3442 3418 
2554 2538 3845 2485 426 4658 493 4858 1098 2773 1924 2136 521 
3827 1622 171 4812 2769 4331 3675 4205 3223 3623 3533 2085 3074 
3233 2351 930 4084 1760 3636 326 1162 4304 3931 12 3432 299 
4918 2920 2817 1902 3057 2943 2376 933 4311 1445 364 2421 4829 
3331 3487 2470 1721 3047 748 2276 1590 3815 2380 2755 3635 2724 
4063 1241 1049 3642 4242 770 4932 4778 1635 3518 1619 3107 3301 
67 3760 2333 3474 2899 4446 241 1586 2035 2898 4463 1340 2404 
243 4080 2521 914 4864 2526 2101 4678 2133 122 3012 3099 2910 
1483 3921 2804 4291 3688 3230 4207 1380 3257 3716 2014 4750 3784 
1422 1502 3649 2643 4342 1991 4223 3196 849 4615 2847 1966 139 
768 589 680 2876 2168 4396 3925 2399 2696 3079 1193 4774 1982 
1959 3980 818 3320 4776 318 1530 3236 3527 60 1416 1325 3208 
2928 17 2437 2507 1468 1158 808 2687 1472 1932 4922 4181 3719 
4747 4271 3876 1561 3523 518 2246 3824 2564 4368 934 2141 1974 
10 1499 4162 274 2482 2612 3181 3473 1135 1370 284 2788 223 
2615 2093 3893 2752 1412 2601 5 5000 897 3145 478 4123 3589 
1323 658 2519 4345 4435 3749 2262 1112 4867 1041 1985 2126 3484 
4693 2982 803 4498 1605 3964 3146 1989 4369 3222 2759 1245 1677 
83 2081 1116 2941 1284 501 1986 14 1915 1404 2887 49 4200 
603 3479 905 4020 2005 629 2541 2478 467 4617 537 1473 1026 
4301 3702 4874 4522 2639 350 3739 4471 1234 4193 4800 3088 673 
4606 4994 2226 4448 3339 1230 4373 1969 4755 2001 2561 1317 4151 
2728 555 4032 1579 1297 36 2405 2240 2488 4917 827 4935 2921 
3772 570 3525 4155 1821 2419 628 1189 93 909 517 4419 3886 
3800 2995 110 2466 2543 4433 437 2028 1595 4145 3368 4736 4258 
524 4535 640 2238 1285 3569 558 4010 313 3747 1680 902 2993 
2053 3274 671 2111 4189 1263 585 3346 4742 3775 3803 3658 3550 
2068 43 1092 439 3892 1506 2885 4622 53 2129 1827 2233 4988 
266 3598 2285 4476 4575 70 2282 988 2118 1767 2099 4 1076 
3462 1156 1710 936 454 4762 2891 2528 724 2086 159 4824 782 
316 2008 1708 3094 4383 841 1780 367 3037 4596 2562 958 2747 
4898 4511 2361 780 317 1570 432 4499 1011 2714 3328 289 2465 
2443 4521 4639 387 2940 362 425 2905 472 2147 177 417 2459 
4648 991 1545 220 3429 3016 2510 4902 256 4473 2702 2536 1335 
1249 204 778 2487 2327 1409 4000 158 3380 525 559 4565 2942 
3993 1977 1855 2660 2208 1153 883 1582 3638 3332 621 4086 2682 
2757 4986 2838 3894 4051 3691 3405 2549 1894 3118 4973 4329 3874 
215 4651 359 4549 4214 165 3601 4880 2436 3241 4540 4014 859 
3114 3441 4677 4909 3358 532 4785 3295 4871 4187 1348 184 4238 
1142 4061 836 675 3690 3271 3753 94 2894 2292 4566 1314 3314 
2569 2827 2927 3615 1672 3334 677 311 2352 3808 2574 270 3492 
2658 260 3944 2438 174 4090 2048 7 1019 3773 213 3855 4873 
1984 2343 3571 4322 1301 2128 4531 3288 1173 199 1236 2548 2088 
234 2517 188 1753 3215 209 442 550 250 4773 4690 4245 4050 
3530 2971 4857 3558 103 2580 2198 2315 3956 87 2020 3597 3999 
2024 4439 2531 2206 4977 2992 3668 1564 3206 1110 1052 4240 2979 
2626 1087 2173 1176 2293 4847 247 1054 4072 2000 468 1739 4664 
4822 962 2753 1079 3761 885 1852 4073 3809 624 2370 4017 3170 
1669 2187 561 3599 599 1374 1047 843 2881 4743 4845 484 1844 
4586 1231 4614 3055 1165 1182 823 4493 3028 2897 412 307 801 
2671 3720 509 1858 1002 2078 4388 156 3662 4134 4959 3448 3532 
4353 3726 1477 3153 4608 2915 3142 3641 4110 4572 4057 1217 1807 
4428 2771 2875 2076 4298 4141 3793 647 3622 470 1476 4148 4974 
2651 1544 3427 4687 3059 848 1498 692 3932 4065 3961 1870 1430 
2280 2265 1872 3976 2386 523 4060 3955 4163 4585 2236 2239 3676 
3818 1017 1411 563 4629 884 1064 1378 1826 3078 3188 267 3535 
4426 4921 3139 2890 2473 4256 3113 4361 698 1553 1735 907 863 
2877 3167 2820 3825 3247 4500 4273 2179 3755 4503 4399 3609 1009 
4718 2311 2556 2738 4578 1369 1337 1525 2674 928 2261 2395 1035 
2950 3439 4425 4199 743 553 740 736 3433 3816 1140 1987 733 
3431 2765 942 4146 1514 3480 2968 1662 3485 4430 701 3810 3460 
3572 4372 281 1641 1797 71 2222 1772 601 1574 212 2988 3805 
2708 4356 418 176 1994 4314 90 2692 225 4497 4576 4604 2162 
4119 2046 2358 1773 3065 3665 2330 2255 747 1557 4033 2831 2677 
4266 2083 3472 3951 4053 4093 1897 2855 2984 125 416 1247 1891 
4635 1497 3175 4158 3110 4469 1890 1709 3771 3203 1667 4697 4407 
2954 2741 2700 3307 4055 892 4160 1543 2096 1971 1842 1419 2805 
3304 4395 2289 741 3742 3959 887 3184 336 4362 2540 4421 3875 
1695 1014 3483 1334 4452 1425 4512 4599 2939 4392 1690 3930 2830 
762 372 4770 2810 3634 3192 1281 3124 3841 4013 4706 3517 1645 
3337 1812 956 4839 2312 4260 587 4865 3748 2854 3582 3940 2821 
984 3913 718 4789 2422 1578 3858 978 3151 1003 633 85 1015 
1808 4893 2650 4377 891 4560 2576 2588 1008 2448 4501 4828 2667 
2416 226 4810 1681 3034 3352 3246 81 745 2668 2895 777 3918 
294 2387 1437 1071 2542 4382 1148 833 2882 2606 3513 2439 2167 
707 52 4504 1936 1028 3403 1414 3129 3942 1295 2412 3607 4411 
4842 1426 2801 4244 600 3508 1061 1620 3752 3048 4432 3023 3435 
3606 1225 2570 4826 4618 3309 140 3496 3260 445 3985 4863 2270 
2581 3938 1299 254 4564 651 4725 3076 3629 221 4884 2872 1696 
1884 2290 4947 4130 4231 1482 2975 3022 1814 1913 4496 1674 108 
4121 3356 46 2621 1717 1512 2675 3136 4296 4125 3164 723 572 
2050 2742 3456 2780 2620 2794 4302 959 3543 3101 4406 4410 4203 
602 1949 3468 113 1877 1229 3190 1743 2384 3116 562 4117 4953 
2883 3338 4593 4752 1290 4283 3086 202 4764 3363 3056 4220 4640 
2426 2102 652 668 4037 4985 3864 2337 112 1270 2647 1235 2021 
4066 3577 486 1904 3706 4131 4727 1278 4436 4048 4029 3275 2845 
2165 377 1967 2479 76 746 3823 1719 4915 637 443 865 3135 
2317 4076 1704 538 4460 4186 3384 1968 4692 3419 312 3032 3594 
3643 4956 3382 1246 2902 4937 4943 3744 4287 522 4078 4161 4661 
11 2571 413 1687 4537 4795 1516 2039 4740 1601 2210 1072 3290 
1871 3051 2115 3812 4360 4970 4479 1255 363 4611 4052 1769 911 
477 3994 4487 4741 134 3981 1912 483 1200 3282 169 4286 1096 
2949 1159 3941 819 3263 2074 1384 2703 1238 873 3709 1726 4520 
183 450 3287 1359 3159 4524 3515 4482 1973 4993 2766 315 3566 
1154 143 341 3619 1712 3373 4889 2491 578 571 2973 380 3540 
893 4106 3394 631 4875 1268 480 4363 1018 1375 1332 4502 1747 
4684 2278 292 420 3311 3828 1345 1905 3603 912 4257 459 1724 
3677 2795 4567 1758 474 3844 4807 2145 4427 1104 1223 583 604 
592 82 323 2071 4600 119 969 1311 4526 3683 1592 3616 3400 
1117 3244 3757 895 4558 2396 4008 3746 804 2718 175 4630 2082 
396 4563 4170 2649 2481 2151 3524 876 346 2963 4227 2229 4831 
1496 4041 3927 744 330 3130 1554 4332 1075 1638 1723 1673 3095 
3946 4660 2545 862 4655 3265 2985 161 3884 3647 1081 2371 3317 
4355 4202 1124 3174 2263 3239 249 3360 3547 1127 3948 3696 1082 
989 2336 1279 3388 4631 1050 2367 2166 2630 1921 4672 3415 3344 
3220 3126 2036 251 3178 4092 365 4850 3345 560 721 4297 3730 
2661 4775 4262 3303 3199 4723 3664 965 4960 974 1491 2427 4594 
3674 4894 4438 3156 3684 1566 1953 3856 3551 1433 4206 3769 3416 
2583 120 3917 1122 186 461 3117 3715 4247 1666 4213 3687 3052 
1066 551 1208 619 3817 3846 337 1069 4962 3605 1869 708 1033 
2597 1954 3326 2853 1920 448 3764 2250 381 2704 114 4059 4627 
2103 2497 4045 1068 1542 4523 2324 3154 916 3453 2243 2931 2602 
3209 3495 2861 109 1565 4588 4940 3283 4705 4913 178 2277 3297 
1658 3093 1413 694 436 4634 1073 430 3050 2978 3553 3963 4299 
809 40 860 2697 3437 1342 869 3258 3962 2653 3369 2142 3888 
3171 4318 3140 3383 4390 1403 2691 2693 2725 2553 4091 2578 639 
287 3318 4840 4860 2047 1659 3502 2125 3701 97 481 2 1227 
2161 3625 1722 1216 3420 291 2637 3237 3087 1922 4516 3300 2062 
657 4328 3692 4289 4280 900 3284 4183 1883 1266 207 1560 3477 
3277 1519 1583 772 2826 3436 1455 398 3348 4412 1316 2843 1134 
224 1539 650 2680 2903 4689 3953 264 4379 321 767 4011 248 
4171 3580 3767 3372 3645 80 2054 345 4753 2275 269 3839 4157 
4312 2520 3024 4530 4581 759 3039 4165 3202 2061 124 3822 4300 
1312 831 4416 3299 3340 2598 3150 1344 3727 2865 4515 4838 613 
3570 1602 3137 1100 3969 3259 4662 4527 539 3973 2298 617 240 
756 3735 2013 4730 674 776 1090 3425 6 3343 3911 1935 102 
302 1119 429 3133 1810 4853 3163 3698 4659 3476 3588 4308 4903 
190 2300 374 4083 970 1617 4714 306 1457 3734 3655 4961 4309 
1629 4259 4879 4997 3367 3082 1862 3923 3250 4620 2815 3870 238 
2874 4001 2140 1854 3680 4475 1381 210 3430 106 1074 4801 2486 
2896 1779 937 3614 348 2781 4330 1458 3494 4389 3627 4467 4167 
4292 1805 2297 3626 3578 727 620 168 2413 3848 2199 4204 1440 
1678 4732 3685 3906 4034 1269 1631 4562 2100 973 1979 4115 607 
116 59 1139 1571 2177 3201 4787 2040 3096 3704 2316 2559 1131 
253 2550 2227 2842 4946 1101 3732 3835 4461 4249 4038 2684 3498 
1518 1377 3788 691 2983 574 2839 623 2504 3531 2138 2244 967 
4391 2914 4104 4036 1559 2429 4979 3806 4805 144 1573 2022 3187 
1427 407 4519 3697 3298 720 2745 3756 609 1990 2454 1471 2079 
3648 3031 2775 2192 2506 2217 4916 3579 1454 194 2933 1423 927 
799 3657 4490 2792 3556 3212 4590 2044 2966 1441 4012 1493 4279 
4735 2193 1837 2301 545 2964 2991 1693 2331 151 261 2868 1665 
1596 3158 3700 4191 1405 3618 3608 4555 2409 1668 4215 960 2375 
1078 3754 1526 4846 1250 1770 4341 2867 4364 2356 1160 4398 3445 
3355 2310 2532 4808 2049 2377 4111 2108 2558 469 800 1481 2934 
2392 1027 3891 4447 2878 3829 573 656 4229 4235 2225 4481 351 
2825 3505 1588 4685 4002 482 3249 3904 3293 447 516 1005 1569 
4569 1393 1206 9 526 1864 2605 1157 1901 246 1540 2926 4767 
2119 2042 1184 4966 2634 3409 3796 89 2797 1833 1503 3833 3272 
2266 4733 3262 625 2514 1848 3965 2374 2477 944 485 1806 4324 
4716 3610 163 2791 4218 2535 3520 3426 4571 1711 1343 2748 3450 
4062 1051 901 4265 3656 1417 3549 2030 3365 1164 1551 3064 104 
2698 1928 2582 2394 2045 4113 3266 1886 3725 1765 2858 137 3935 
1948 3902 3703 1794 4027 4920 1716 2493 3868 4910 2442 1095 3878 
2512 1937 444 3949 1744 3624 3736 4926 4109 4108 3248 1467 4371 
4911 4152 4320 2197 389 3176 2139 2844 3216 4868 4003 2398 1523 
2735 3922 3245 314 2648 1172 2379 3581 3899 4365 4799 791 3490 
2201 1228 4253 699 3514 3988 4042 4957 855 3 4818 2388 725 
2328 38 262 2181 4044 1809 146 4654 4541 497 4528 1097 3587 
3785 3934 1692 4708 649 4856 399 3882 4806 3804 543 4142 1720 
4464 2137 231 1676 3843 4325 275 3030 2969 4625 438 4734 4643 
1607 3678 2751 2967 2056 529 1958 2038 4539 3186 2953 686 4423 
431 3731 1893 1355 4156 3895 3831 1603 79 4449 1000 4429 4786 
3714 2646 913 3308 3561 3537 1397 1849 3995 4646 781 1938 2296 
3728 2799 1889 3015 4310 3867 3908 4923 4288 805 4136 4149 3449 
2587 1707 2911 2123 259 4358 239 217 3238 2727 4458 1983 4354 
479 471 1289 1906 502 3063 1604 3729 1319 3560 4820 2764 1099 
3279 1171 547 1038 3218 3861 1183 4722 2624 3795 1843 4343 2403 
2701 1292 2959 4686 2407 1853 3211 838 498 3138 3910 4656 4491 
2305 4431 4844 142 1663 2731 2194 1845 3912 1114 4945 2912 1347 
2721 730 3454 534 170 4904 96 2033 4179 2929 1527 3511 2017 
1036 2430 1298 851 3193 1762 754 1186 4665 880 4098 3869 4550 
2762 2307 4843 2770 4731 2652 4025 2809 4434 3423 3840 1825 1774 
4726 3986 3100 455 13 3089 1881 2572 3837 499 4393 4666 3417 
4924 1310 1952 73 2095 2787 3604 2944 3538 789 1197 1373 3585 
3305 2754 4671 1431 1867 3779 846 4394 3554 2264 4955 889 1763 
2321 4952 679 2347 622 661 839 4282 111 829 4597 510 4813 
2320 4980 4488 3967 1832 1715 1759 1504 785 710 957 4456 1494 
385 410 4284 4221 3073 4765 1479 1856 4415 4927 4118 4546 3321 
854 4771 2235 4168 840 107 3481 4587 446 4991 356 3376 660 
1531 4192 3285 2248 3567 2251 3957 4164 904 1429 27 131 2247 
3743 298 964 4642 2584 4154 1331 3157 2153 3548 1646 1474 282 
1039 428 3915 1291 4232 2220 4269 3001 3928 1684 3217 1831 1141 
4135 2464 3872 3937 2707 853 4573 3787 4385 714 4486 2023 3762 
2397 21 2492 2744 338 2444 4906 4788 783 4295 3075 237 1500 
1752 584 4713 616 1365 18 4975 1321 4477 1697 2152 1728 1771 
4619 2880 2711 976 3506 4929 3169 4849 3029 3974 4484 3998 4676 
4607 491 4114 4147 3461 2828 4931 3503 4881 4466 1144 676 2786 
1253 4636 456 355 1822 3350 4440 3269 1150 4064 3054 196 2483 
1129 4554 3887 737 1367 4681 4834 1352 145 4143 4251 3406 4185 
2524 2120 69 606 4803 4026 565 4649 4895 2552 713 4413 4198 
1387 2245 1060 939 4120 872 1918 4445 626 1418 191 3699 31 
2539 2287 4673 427 1138 830 2159 1302 3529 3021 1120 3733 817 
2182 1613 3302 636 2272 4378 2080 662 4948 489 4225 4197 3392 
712 2303 935 566 1811 452 700 2004 4350 542 1945 594 784 
2823 1817 2279 753 4529 4182 1970 3160 3814 2449 3919 68 2441 
4712 4679 3671 4928 3268 3741 858 492 1201 1546 4068 3452 4580 
3591 3362 1103 4195 1686 3353 751 1998 993 1653 2456 1357 2381 
1436 1330 1199 4348 3173 3510 3654 4645 1022 4015 2069 1040 2994 
711 4525 2633 4102 2822 4043 704 476 3149 3536 3235 1548 4046 
4983 2706 3996 4965 2599 3121 4638 4644 1748 1836 4825 4294 2341 
2183 3620 2424 3798 4254 2835 1930 152 2785 4444 1942 61 4987 
1536 4451 2623 4401 4582 4275 1879 2974 2423 2866 3689 236 1816 
86 1198 3412 1957 540 815 1428 440 4603 2813 219 4374 990 
1349 2364 66 4784 1420 3989 397 4792 4905 2997 2681 792 2863 
820 2284 2716 1636 4194 1593 732 2935 2389 2768 1362 2260 4422 
2937 153 4711 339 2913 3085 1136 4748 4408 1243 441 4370 4437 
3123 4817 2930 3397 3225 3663 3214 2453 2158 941 1434 19 2467 
1167 4836 4319 1338 1925 1835 2313 696 2924 1358 4122 642 4536 
4140 4485 755 866 4190 2174 15 4930 722 1975 1737 2180 4667 
3389 2431 3404 4105 310 1376 2063 3013 3493 3799 2314 4772 3457 
1956 4610 1829 3791 695 4375 2657 3670 3792 1161 3399 3207 3979 
536 4981 3251 2631 1460 4505 697 4317 4248 1256 3323 3322 4710 
4150 1432 1083 648 3200 2859 4468 1232 2645 3612 3617 1446 1615 
3103 1940 1589 2052 4359 3763 890 361 635 4019 4568 2455 1861 
1339 1960 2084 1803 2006 29 2107 198 4228 3205 1475 1577 3120 
1838 1791 1575 861 2772 1955 55 1633 2391 3040 3131 4761 4336 
1950 2594 3264 852 1909 1042 3401 2368 3270 2216 4589 2114 1632 
4088 3507 78 1466 3966 2286 3324 2178 2495 1799 99 3053 475 
2783 2267 1220 1353 1880 400 4626 868 1824 681 2505 3780 3661 
4968 4409 4715 2170 20 4623 2669 4234 1800 2712 4201 1111 3593 
3712 3978 2203 2555 135 100 3666 2077 1492 1820 4212 4612 4263 
4855 3811 1001 208 4067 4023 1781 687 3971 591 2122 728 371 
2901 2268 4127 91 4547 3422 1315 2211 1121 4470 1741 4814 4261 
4779 1029 2848 3125 1240 1701 3391 1237 1563 4951 2946 1671 384 
1211 2143 290 4738 882 3983 393 929 3770 1106 3633 3512 2672 
4489 1675 3653 645 4963 3528 503 4819 3600 4351 1624 2904 1469 
63 1875 1654 2824 4964 3586 922 4934 2447 1424 3210 917 2840 
4508 867 3470 1524 1010 1757 258 1910 3370 3335 881 276 1587 
322 4474 378 1303 115 787 4933 1478 3710 588 1610 2110 3041 
3019 33 4380 716 4680 48 987 72 3342 2176 4691 201 1944 
2976 2185 3557 3111 1841 618 181 3421 3280 4990 3152 4124 4346 
1181 2546 1077 101 4861 2906 4277 816 453 4542 1713 3165 3127 
2638 3255 488 2870 575 3707 3751 4675 4598 2322 894 2190 1742 
3807 1727 1679 2175 3312 2323 2722 2218 1755 3296 1326 1398 3147 
118 1012 1705 23 2814 4381 205 2726 2523 2686 268 1533 1351 
3316 4094 3227 4552 4506 653 2573 173 2400 2256 1792 3679 1276 
3595 2907 2705 4751 3003 717 4783 415 2066 3061 2560 1179 2124 
4116 2518 2763 1898 172 4999 3411 2037 193 35 4938 2223 4782 
3776 4866 798 3276 813 423 1611 519 3885 3936 654 4796 1923 
4781 1866 4305 2350 409 4872 1336 496 4768 3467 2736 2496 1623 
4721 2025 2215 4827 1661 4941 58 414 794 379 4949 2998 2709 
4538 4745 4890 2065 3466 2629 3813 4495 1963 3162 734 1999 4887 
1180 4728 3555 2832 1639 4534 2032 1683 549 3491 39 3500 3850 
1123 847 3737 3035 520 4457 598 74 1013 2325 871 1980 2018 
2566 1363 535 3289 3907 2274 2097 2796 4837 3866 1688 2476 1462 
1951 2468 3673 1438 3545 1751 3681 4129 3122 1024 4574 4601 2348 
4883 4462 1778 2952 1995 3562 1581 2739 4737 3069 1555 3443 2916 
2790 1346 4349 4851 123 2749 2146 3330 2160 28 4701 4219 678 
494 806 2041 228 2472 533 2457 1749 1070 4513 45 739 765 
1333 1725 3539 182 3098 1591 4954 1470 1407 3371 4852 1406 2291 
564 2428 2719 2283 3469 4400 4178 1934 2782 4376 4450 2567 3333 
4510 3018 2339 1461 3070 41 688 
-1

8799 7709 9288 1391 7015 8522 3970 352 6574 2814 1519 2525 2306 9300 
8668 611 4870 3805 2605 2851 9580 9364 7996 5271 2105 4218 7906 
497 594 244 9522 8198 5223 7028 2009 5845 4649 3084 675 1337 
3745 7354 920 2117 5780 9124 1024 7425 1769 7621 348 1529 7068 
9813 780 8332 2220 6909 8031 6839 8603 2025 8192 8690 1874 3325 
2445 5309 2239 2518 970 8402 8545 5289 1977 444 6749 5778 6968 
5005 2709 1700 2786 3082 4987 5097 6599 5771 3756 2778 9162 973 
1563 5134 126 3608 7127 2610 6433 4589 3381 4028 6838 7063 935 
6763 6762 7130 2020 1197 2208 9790 2279 5072 4598 859 6445 2671 
2769 5669 3637 548 5926 9290 4685 1248 1626 4941 7164 6016 658 
8847 797 4851 3244 8916 7001 2992 9057 3364 3324 6051 4297 8228 
4953 6364 1618 5267 2444 3575 4641 5220 4986 1044 3185 1417 4809 
1433 6564 3751 2323 6619 4906 5204 3768 4280 6734 6577 1375 2103 
4465 2332 8477 2422 3282 2979 1174 6270 6929 602 4389 6775 4091 
525 733 2575 374 1164 7565 9610 5128 1793 2696 9601 3793 9249 
2612 4213 2207 4755 183 6027 9630 4602 5743 1427 1209 1981 8147 
6811 3063 5515 3764 9647 172 7377 9607 6073 9665 442 7497 3286 
4474 1091 953 397 8372 435 6335 4250 1025 4872 9347 7684 64 
9163 1420 9234 3436 1256 3144 2830 829 8427 448 9978 1536 1969 
1214 7078 2056 8133 91 102 649 4608 7741 7358 2750 7406 2847 
4671 743 507 7840 7932 2942 182 1821 8998 8264 8479 7644 6754 
7466 1535 4928 1376 4358 5483 3669 2101 5762 150 7578 1480 6721 
1598 2381 3912 5602 395 4492 7734 6686 5523 1975 8082 4719 7986 
7862 6517 2310 9787 2414 4199 7446 2635 5658 3543 5524 3975 4315 
7470 7954 6371 551 2574 520 8919 9928 4156 3078 1910 3505 5801 
2555 314 3841 1801 5781 9835 6986 7135 1310 1839 3392 813 3052 
3869 3398 8262 8382 1054 7380 2759 5021 9086 1390 5633 7036 1658 
3689 8786 6894 4317 8327 3864 1579 9716 4050 390 216 7588 9945 
7976 1083 5454 3542 1913 7738 3632 7524 7726 6316 2343 3516 2037 
1722 3166 7742 436 7469 4960 759 1794 4934 2407 6219 9214 4507 
6048 1149 790 642 8219 1490 6860 3211 9574 6977 4495 6018 6566 
2986 9995 7971 6029 2177 1918 1933 5412 4008 151 726 4852 9824 
5422 6113 6147 5612 7933 1620 1851 9315 624 6158 7992 3806 391 
488 831 7730 2110 5489 2050 800 3396 8641 1384 6578 5663 8266 
3449 7534 519 5008 791 4603 7537 2315 631 4133 2031 4562 885 
3860 2353 2193 2825 205 535 6506 6152 2304 3299 1572 5353 1167 
1921 8245 4795 2013 6626 8546 2087 8871 7783 1876 1617 4211 9459 
5908 6790 5905 1827 3434 6166 700 6481 4384 8816 5130 6783 8800 
2675 9538 9050 3034 815 4592 3987 662 7777 1070 1784 1707 5849 
1978 6472 1084 4524 1675 8346 4789 2577 4943 6417 6199 3467 2615 
4614 3406 4778 5902 4599 9105 990 1029 189 9844 3220 6322 1539 
2990 8416 5459 1232 680 7010 1904 2436 7260 8090 4285 1052 9507 
7900 3341 2355 9247 991 4074 9064 8920 7200 6903 8120 9816 2910 
387 7512 6189 5136 2373 5433 7498 7826 4857 3568 3469 9677 8384 
3055 1322 4816 9203 1466 3901 6263 9224 8942 4676 8142 2872 8510 
2028 4633 3510 9570 3074 6101 946 1258 7370 7388 7910 2744 9295 
4688 9908 2451 8832 4948 4737 888 3767 648 8051 4560 4952 5029 
1643 6173 1477 8474 2997 775 4846 7180 3565 238 8924 2115 3844 
3013 634 9443 2278 9657 1147 2390 108 9990 6527 3908 1003 6628 
2113 6419 7666 4996 7660 8582 6756 3460 2492 5503 4435 4855 4197 
6273 8225 6947 3279 10000 2222 6358 8200 2068 783 4743 8933 8696 
3679 3201 9175 3320 4467 1621 4794 5933 8205 9461 7508 5274 7736 
1574 5560 9108 99 3914 7662 2230 7326 9282 349 225 2678 8152 
4225 8741 4431 2237 9020 6837 237 1672 839 1394 6137 3972 1073 
4089 7615 1983 2112 5533 5369 5911 5245 774 5674 9904 4131 9948 
222 8335 1447 2245 31 2452 7480 394 5372 1987 6593 3561 6871 
7298 6215 5813 1443 9873 7510 8523 842 5488 7357 6706 7831 9722 
964 3168 1846 1 2755 2658 6905 2435 9413 44 5444 9323 7530 
9991 1277 6766 7424 5225 8345 5001 4700 1049 2501 3391 5424 1260 
5815 148 2682 2939 9122 9042 8902 1124 4477 4498 3647 4962 4052 
4111 1154 3484 588 9744 7675 3504 2580 2357 3418 2231 5041 6962 
882 4157 6134 7468 1695 304 2153 1538 3069 4536 2470 7368 4936 
5847 927 4481 9791 915 6843 2244 3441 5436 7964 3423 201 1623 
353 7942 3444 4201 7342 7259 6681 4125 938 4140 7504 8733 2108 
8877 6841 5514 7928 3680 8884 2497 4102 2944 2409 3500 1633 9365 
1900 8848 7613 3152 4577 6057 1065 7082 4135 1897 6658 823 4584 
2888 283 8852 2418 5857 3630 3996 926 4903 6353 5630 8461 4617 
1765 2584 1845 1100 2107 921 7631 1173 9221 378 9483 4204 6343 
6484 2495 1575 6460 1380 8644 7392 8574 1009 2121 2506 3309 5183 
7645 4647 6522 1713 4947 4294 1524 5702 2349 5158 4112 1615 495 
7745 8048 2720 1596 1077 6925 5981 2857 7108 9265 2693 1679 2722 
2339 2273 1767 1425 1142 1880 4174 755 8434 3865 9998 424 4049 
9780 5858 3924 3605 736 8385 1746 2022 620 1850 4271 600 9025 
4433 7453 9015 4068 5692 2526 3383 2289 8813 7233 5709 4134 5885 
3795 308 7432 833 1832 5221 3968 50 1479 2752 4826 3096 8572 
2713 2974 2235 3369 9409 5011 9963 5797 9494 9660 3138 2187 1857 
9846 1186 8216 7988 7532 72 5434 1745 1213 860 5569 1088 7115 
8037 3649 5367 9976 7213 6592 469 947 2385 1926 8565 42 995 
959 1602 2026 2023 5048 1835 1968 1257 4999 5820 7295 3291 2673 
6072 8371 5938 9344 1831 4591 4594 4357 1530 2546 1854 9830 9894 
7625 4293 9615 2572 5145 8109 853 9150 1275 7939 4935 8114 1818 
3181 4588 6662 2446 3397 2604 4796 1629 153 2836 6324 5248 1864 
908 725 3648 3073 683 3141 1578 2461 367 8881 4488 682 2372 
706 8342 3421 2042 1333 3455 3344 1989 3308 6267 2137 2144 2958 
7934 4419 5187 9664 1190 7518 8355 4192 4509 5634 3050 9508 3792 
4320 3693 3060 9817 1592 7005 9463 5167 987 7157 4701 9298 6751 
2348 9881 5018 4859 1180 4390 851 3981 1582 4937 9343 5383 2499 
303 2158 7980 6739 8969 832 5648 2313 2978 556 2298 133 7163 
3128 4080 4775 3961 3675 4132 247 398 4869 460 3895 9010 9179 
2358 671 6808 7620 4850 8300 667 6879 809 7710 3559 53 748 
2655 277 1552 1944 1204 5240 7918 5844 1954 2588 4645 8369 2660 
8191 1094 9151 8842 9028 739 9434 3695 4802 721 1753 9033 2019 
1309 4910 3428 6245 6231 1761 2109 5691 1265 7851 7332 7302 3586 
1469 1431 325 1958 3207 4654 341 4619 3404 1959 3921 872 6114 
1565 7182 1654 2848 6608 1296 96 1754 2772 7705 59 8898 9709 
799 572 2428 1520 1446 2307 9784 3058 8024 8630 130 9040 7339 
6328 4954 9208 1279 1500 5717 3378 8929 6735 2155 924 7482 2514 
1965 3713 9006 3909 4449 8856 2661 7268 5345 7755 2072 1493 4994 
6833 4011 2906 8794 3687 3023 4129 4084 3400 16 2513 8620 1830 
7772 5812 3386 543 5892 9253 3108 7046 6042 1098 1649 5227 542 
1743 2805 466 3158 8674 6188 9944 7998 1788 8808 1303 8055 4032 
8156 6265 5808 492 5300 2751 5442 2989 418 2896 6479 6086 4480 
9711 4734 822 4804 3174 4514 7301 557 4516 2791 9959 4752 6772 
461 9902 4470 3506 609 9519 7284 5272 638 5446 7778 4234 3509 
2685 2185 1331 2515 7145 7286 1859 2271 3920 6594 6521 6458 9608 
574 5065 5100 904 6742 2621 4991 6118 480 6869 1811 4193 6575 
912 6942 6003 7747 4561 3828 8 9530 4253 1285 9236 9529 3474 
9374 5040 3803 8130 9855 7324 3350 6234 5958 8531 7845 8176 9056 
2946 8420 4353 3602 7547 8040 4882 5984 58 3443 5081 988 3709 
5423 1085 3706 9059 6847 2488 1419 8026 3247 2324 6647 1229 5175 
8350 1488 2702 969 9877 6190 9970 5598 9202 3906 8604 3272 6620 
5593 2484 8591 1082 2532 5721 6540 8078 2666 8064 4202 386 8698 
1903 2984 232 4636 7803 363 9088 4463 8053 9131 420 5111 6753 
5238 4741 3604 3065 174 4242 5277 3020 7661 9779 5384 250 3965 
1804 522 2095 3215 6856 9152 4447 4333 9923 8776 5237 3172 5549 
5382 6135 9051 8936 7333 458 7872 3677 6039 6269 4574 3070 2054 
6723 586 230 3694 1949 6725 1998 2256 3682 368 504 9644 1205 
4766 6393 7624 6204 1899 8386 1632 1293 4817 3871 8505 3169 3588 
2250 6117 976 1919 5203 1377 1717 2456 3889 1945 5715 4289 9749 
8366 6451 6674 689 577 4047 4359 7476 2238 6490 8925 7771 9449 
1382 6752 1737 3708 2489 3232 2950 5127 4573 6441 5784 2371 1858 
5566 6781 3214 2033 1702 628 17 4917 9222 1268 3142 1264 6510 
8539 7367 4288 9773 1314 6820 2781 5585 4471 8968 6985 1689 4243 
2366 5929 2040 6694 9941 5394 6867 3822 3426 5628 8571 8480 5930 
9201 5870 1057 6757 6836 8749 5144 6595 8987 2233 9929 9367 5336 
2871 2613 6087 3150 2539 2504 5927 2905 1323 5912 7398 2000 2064 
8650 8110 9866 6740 5886 1426 9733 6921 5230 4674 454 7210 2319 
2142 7024 7288 4075 9955 2785 3047 6496 1130 8952 4913 1759 661 
1099 6109 6453 3018 9087 1458 892 2582 5576 1699 483 8094 5864 
8269 806 7708 125 568 3518 2926 2688 6755 4115 7987 3826 2877 
9594 409 4949 4862 4469 7009 9512 1885 2691 7218 1697 9980 550 
9233 785 8126 156 6178 8096 8671 3306 2116 1972 6412 2066 1720 
4933 3492 8550 7269 1047 7256 3156 9035 3846 2884 3456 6430 7923 
6529 8181 5680 665 5208 5799 8956 6065 555 6397 6514 4169 7222 
6998 4076 8119 9868 6442 9585 84 5012 5122 6346 14 4746 319 
5878 9082 20 8841 4005 4364 1121 3347 6228 1916 8017 6863 1439 
9982 1038 8959 6888 159 5378 9431 3427 9113 2953 5110 5502 5389 
9211 5866 1828 6380 5577 5986 7606 6130 43 939 345 9441 3043 
5580 2611 2442 6067 6275 2038 1733 2471 7655 8348 6787 3401 1930 
7812 7543 1537 8709 7538 5647 5640 4363 2134 9721 7790 584 3007 
6140 1483 5352 2483 1289 2998 5571 5354 5900 8274 4190 281 4559 
6266 2738 4034 3033 1262 1993 6960 1942 5673 2275 6436 2963 5793 
4499 9349 3556 6758 4950 1559 827 4352 8488 9567 199 3032 2521 
9382 1008 9993 2519 810 5976 7292 5019 6337 1215 2715 6230 3639 
6471 5971 1015 3345 2377 6922 4239 7811 5720 2157 936 5325 5299 
7520 170 5388 7034 5873 8324 3085 4546 7985 9798 3534 8652 3372 
3298 9742 9767 901 7965 3412 6399 5834 2266 6488 4020 6345 2918 
4184 2782 7968 5107 1810 4868 9136 7000 589 1937 2280 2214 1553 
3173 6473 7278 8067 4984 7663 8513 5997 6286 3949 4360 4496 8065 
5014 7863 5199 2221 4189 1908 8714 138 192 7027 6376 6899 1604 
9003 1932 2860 7242 5877 2463 1401 5928 643 5511 1005 3352 5095 
6296 8059 4957 2043 7083 4836 6164 3800 1300 5054 5350 544 5028 
595 6211 5600 7473 2242 1021 5710 8481 3992 7908 7348 6084 2202 
931 9818 9906 337 1844 6631 4756 4413 7043 6240 6229 3370 2367 
7022 3476 478 426 3513 3628 6987 719 4244 4511 7571 2679 1356 
1353 6904 5741 4422 6203 6827 3115 9765 5410 4341 4033 2219 6659 
856 3121 383 533 3819 3884 1531 4799 8502 6730 7365 8226 5334 
2689 2999 8759 7885 8457 9909 7529 1510 7345 4884 9041 6864 3834 
3130 5006 5366 1366 4072 3048 4779 1194 7474 1223 2683 3994 8985 
9146 5318 2326 4812 1605 6409 5310 9093 837 8399 9565 1078 5317 
5196 6149 6536 4531 2866 4497 7156 754 3331 4907 8859 6318 4899 
529 2916 9635 3661 6102 4053 7487 1943 9060 2937 342 7152 4375 
8712 6394 9357 3940 6526 1607 8279 1295 4106 169 445 3692 3118 
7846 2855 3535 3591 3769 3807 4683 2966 7032 4572 5157 2487 7232 
2948 1017 7887 4037 3198 2361 8999 315 3165 3761 5049 482 2654 
5546 3334 1013 5474 4512 2614 1357 4714 1638 7214 678 1787 1246 
8957 7389 194 7253 9293 6352 3664 1416 6241 8471 7351 9552 8256 
8805 4606 5307 8625 2249 784 5811 9228 5453 2807 7720 3425 4351 
526 3280 7209 7120 7501 9336 2354 7129 6208 4888 137 7276 944 
3742 4323 7249 3335 590 7893 8298 8187 7322 8007 6629 2858 3945 
6011 63 528 4502 2534 2886 5675 982 1210 3453 2831 9156 3750 
4203 3275 25 10 6980 3697 7131 2672 4702 7265 6774 1290 4266 
8437 8540 5963 9478 9589 7439 7950 2426 8012 7384 9571 481 4382 
7651 7275 3360 4296 6028 9520 9662 1422 4095 3929 7409 7124 7499 
8057 9311 3222 9340 5140 3615 5103 5335 4426 7313 7540 5007 3794 
6367 1985 6216 1587 4446 7112 5023 6338 6683 2761 816 2046 3475 
4955 8321 5256 2552 3885 1878 4460 3098 4682 9514 1489 6483 4864 
3872 4235 3814 3746 5737 8588 8440 5312 3956 6078 3984 5867 4856 
3835 6148 7378 111 6005 693 4361 3635 3465 1120 2955 7264 3190 
2793 6733 2184 655 6272 8019 5744 7073 5964 4407 9576 3778 2138 
4228 4652 3770 6497 4255 1808 3155 3195 7175 4262 9155 1318 8618 
3821 9091 188 2502 1744 8206 6128 6176 7844 5487 958 5775 4930 
7201 7294 1630 7509 8036 7642 5164 6875 2143 2956 5554 6936 8145 
8634 143 8169 3361 7737 8536 5945 4003 4177 7396 4690 7627 5304 
3548 6414 5513 4045 9285 268 5327 5495 6125 5792 4696 6243 344 
1056 1731 7876 956 521 7176 941 9699 1150 1693 9291 1817 2384 
5113 9500 9613 694 3120 217 2389 1825 2768 8407 8466 3567 8093 
213 8069 9299 3015 2762 4613 6171 6281 6452 3720 3883 8792 715 
999 487 6853 1063 5030 8904 4493 7924 5851 8163 2775 7749 2062 
7570 762 4672 1776 7659 3091 4163 2721 9537 6342 5733 1064 3374 
3031 5132 9649 3170 3191 3552 2543 403 4044 1922 4501 4997 6392 
7408 788 2383 4849 9379 2247 7251 8590 6368 1516 1772 5156 8490 
8160 5200 4345 573 5768 3532 2723 8524 750 4311 6660 1751 6547 
9897 4086 4346 5735 5138 9071 8367 255 1144 9743 3580 2844 2719 
9578 1087 9164 6797 3919 7740 2524 5342 6776 9579 6291 1011 4533 
8500 2633 4070 3988 7095 4338 2634 4059 7553 9725 1750 7892 1069 
8997 1522 4372 4482 3218 8700 4871 7854 9173 4487 9544 2573 7522 
3762 6332 8485 8326 6605 2758 2149 3179 5170 327 7587 5385 925 
7250 5923 106 2058 6963 7090 8368 6846 2602 9472 4866 2947 2431 
6784 5842 6097 3621 1774 6835 5190 9067 6519 163 3957 795 9848 
7725 5832 8740 5508 22 2792 9766 3525 3690 3990 5821 5862 9313 
1332 8967 3818 4568 9144 4977 5286 5497 9809 107 3212 1953 4321 
2299 4549 8280 5617 4711 501 3153 1692 7873 7173 4205 1000 80 
164 5522 8747 9450 2643 4890 7707 9847 5315 2408 718 1470 7019 
3611 8001 8892 288 2601 3112 8993 7139 2833 9395 1756 1472 4207 
1389 6120 214 1208 7364 251 3852 4600 2251 4417 3774 3754 6690 
7052 5555 605 3671 4152 7596 692 2364 6071 3056 2856 9 541 
5080 5548 5586 5491 9828 6928 4483 4450 3415 5322 2631 8458 8886 
1414 5592 2716 3560 7309 9591 2996 7311 1339 2008 2820 8935 1048 
4136 9356 6531 5152 5064 625 215 1755 145 1883 190 5644 1779 
5116 3905 3836 2606 9793 3952 6023 450 3199 8887 5678 1153 578 
9531 681 4729 3881 1884 7521 3042 9842 4339 8907 6448 4248 3531 
9363 1494 6944 4021 7638 7226 7442 8934 632 1929 6580 6049 5311 
7696 3646 6347 8795 9469 8611 596 9128 5408 5520 7527 8880 7802 
6668 7293 275 6104 2707 2665 1043 9832 5218 375 3354 9700 562 
3779 2282 7449 6177 3808 7674 3216 9799 289 2322 392 3225 3980 
6486 8569 9776 1936 1263 7297 1108 7916 4822 5728 7262 7496 351 
5956 4143 5105 2396 9913 835 5677 1429 1273 9863 7640 1532 6713 
1508 5425 4777 8358 2034 9117 309 4680 473 2476 8807 2067 9308 
2924 3522 8449 830 7255 9391 5767 3721 3496 9490 5884 5098 9456 
5035 3597 12 2932 6806 5583 7806 6444 1327 4631 5375 9961 8509 
9101 2094 4738 4063 8596 4484 3730 8115 4370 2961 293 5031 4844 
5542 7290 6597 3200 9220 518 4691 1328 7955 1551 9822 1027 4555 
5439 7880 9935 2595 855 6256 7665 7188 8739 3175 9326 3315 2988 
3993 9400 5440 7864 334 6439 1674 1652 9936 3394 6279 9334 8218 
3316 3046 6744 4854 1440 4968 1381 1662 4687 5084 4814 5758 1454 
6551 6019 9159 2630 9504 3292 747 7868 2542 5739 7773 9348 1234 
78 1473 7103 8337 1441 5233 1068 5512 4580 1791 3049 2439 361 
8217 9502 2469 8738 6377 9915 4082 9196 1221 9498 8982 1593 71 
4124 7366 2765 3338 7809 8339 48 744 5837 233 6082 3235 6235 
6079 9831 6284 3134 7970 7911 3140 4551 1411 433 7503 598 7412 
5276 8323 6030 8651 1498 9903 4081 5467 3088 4139 7433 4596 1782 
9405 3236 4535 3547 1568 5447 9026 5671 404 1740 6582 6187 6897 
5517 1898 7054 8673 6227 4723 2780 3302 5079 8626 3307 4016 6236 
9178 6673 2277 9643 4825 3780 1139 922 157 3365 864 5564 8971 
9370 2533 3287 6258 849 3389 2585 942 4031 3859 5068 5034 3530 
2904 3180 2880 4056 1371 530 7344 7957 181 3210 6523 3590 1080 
2699 3959 3910 4328 5226 2816 745 1997 4837 6044 4838 3668 4316 
7948 7387 8336 6552 8836 5765 8167 155 5407 57 5531 4764 4929 
4695 8589 5481 907 2168 1650 9027 2460 6849 6881 3224 933 2911 
4550 7842 5413 2711 7386 2578 3710 9680 9841 621 8483 2147 6354 
5387 5471 9588 2636 4485 9838 9322 672 7244 6308 5243 5231 5638 
2849 21 599 6339 336 3429 5850 5732 5056 5179 4270 430 9100 
7805 154 8526 6555 6544 7263 2337 5259 9880 5120 6194 1459 1241 
1789 5201 4753 9988 5688 5950 2285 8182 843 5192 6965 385 3440 
4624 185 4731 7267 7154 7683 8520 5620 5993 1116 9931 3966 8409 
2027 4126 6224 7700 6300 5241 6363 6615 5250 9022 3021 9810 4336 
4571 358 3300 5934 5948 6403 3061 2618 5036 2335 6131 3569 3498 
1428 9154 1191 9626 3122 9617 6750 8703 6966 1202 984 3519 3269 
9438 3702 6893 4175 2742 4451 5070 2090 384 5559 8351 5402 979 
4472 1484 3666 8751 585 4824 9289 5700 8763 1407 6218 9636 5607 
6611 2553 23 9408 8032 3262 5897 2652 3012 8087 2832 8917 311 
993 5131 6563 6788 6031 4456 428 553 1688 7981 6205 4252 240 
1294 6124 5024 7650 6043 1338 3854 6818 3257 4895 918 6432 1001 
6191 7733 6477 5077 6556 8773 3491 7328 7385 9184 5636 1219 9246 
2305 1911 1170 1305 6489 1442 6622 6568 419 3399 3625 5587 770 
7079 6466 3213 3979 6168 883 9078 8557 8697 4401 7820 9857 1862 
3657 8411 9161 2983 6139 949 3845 3424 2126 8021 6238 2668 7752 
8144 6707 7266 7695 3788 2834 9457 7105 4770 4769 7155 6154 7983 
9513 7350 9668 7359 9098 6302 6670 5351 5139 5283 6312 8667 1192 
104 4772 3943 3409 9770 5887 3451 146 7094 3786 7190 9166 9834 
2263 8687 7757 4525 9445 8387 6688 7246 7185 5736 5816 8743 7949 
8359 2203 549 5278 4792 2622 2598 7997 2464 2878 8319 7463 1657 
983 8553 8686 6760 1685 7673 1545 7087 75 6261 4684 4117 563 
9023 8498 5642 113 3526 5141 7541 1465 7026 6504 4298 7909 4286 
1637 971 1807 8605 2741 7261 4776 1957 9277 9286 3765 5970 9590 
4785 3796 4534 1347 2640 4797 5305 5047 3263 4537 2098 1683 5599 
2055 8177 2698 8594 3670 7304 8361 7602 6386 5337 54 5494 9737 
4715 8015 2548 6034 6428 1119 5665 9778 2869 8023 2088 8077 2563 
4891 3974 575 3999 9182 432 5057 4444 9654 3261 6684 4542 8250 
6099 7402 9911 6901 1136 160 9212 3827 9640 1463 9024 4972 3772 
5254 8408 8117 2981 8829 2787 5420 5629 7169 6918 1735 7475 2404 
6524 7045 1066 6974 5239 7779 1471 1931 8141 3810 9550 70 7841 
9387 539 3653 8784 2178 3942 8289 4670 9264 5538 5924 2714 4893 
5178 2726 5456 2209 3887 6468 5403 8452 1798 118 2061 4066 2473 
7639 824 5339 7101 1242 1676 1647 2641 9197 6341 1973 9774 4148 
7568 9109 4801 2789 673 5962 513 812 1690 5449 9973 3771 5303 
5149 266 6292 5246 3311 3430 79 8438 3740 6334 9708 4945 2840 
3609 2057 1882 4640 7254 3488 6264 2808 618 9306 8616 3151 4726 
7597 4840 8116 8978 3000 4998 4388 977 2776 3160 868 7808 9612 
2311 3634 9769 8403 9639 2498 7 2188 2312 1775 7739 8497 7999 
4927 5836 5526 7584 5437 4518 4883 8554 8704 2264 3652 7713 6516 
2129 6617 9165 7917 8821 4863 6773 7099 4245 305 2876 8503 1131 
8701 7426 6636 3577 5457 6537 4736 1450 5129 2191 3868 7798 765 
1255 4644 5361 923 7023 123 4973 4478 1393 8249 4730 9139 8413 
1644 2152 4728 758 166 4077 3744 5689 6877 3481 9312 6591 3583 
69 5968 3258 8958 9949 1814 6193 4805 9516 7491 8340 3113 6748 
5038 5326 7875 4160 5214 9587 9939 5510 1383 4348 6689 5597 8158 
6464 4386 9856 7457 4006 1072 74 3802 6385 9479 7336 3938 1269 
1476 5338 2160 4229 7774 8635 9287 858 1613 5641 3029 3824 282 
9467 5701 9667 2150 3607 3438 7902 1648 6283 2338 5809 8928 5414 
8961 9814 4981 9545 1986 6001 9547 6200 3248 950 1316 5194 4783 
5626 9141 6249 7382 6299 2964 7830 9447 9081 2045 417 8619 2216 
6961 4275 2200 5637 8606 5358 2303 3010 1976 4071 6861 6931 7460 
9371 7252 30 2868 1995 1792 8683 1595 8123 8418 3038 408 3139 
5146 4771 2318 2480 7018 6242 8235 5279 2430 5507 8629 6680 4829 
4576 4223 985 7149 9186 8723 3194 7878 9890 3998 684 7593 4494 
86 8828 4039 7681 239 5104 9046 15 6604 7194 3497 5074 4292 
3106 6133 6590 7836 5899 4938 6993 1747 5400 5115 8079 4677 370 
4739 9789 9969 1341 1360 1423 5983 7303 5749 4975 4305 7858 3221 
3362 9065 2959 9188 7698 4195 6992 4458 4022 7834 6583 2232 4601 
3337 4828 1636 817 9564 6884 8030 7668 8139 5551 97 1313 8609 
8157 2564 7488 1950 1834 2070 7907 5067 866 8445 4655 1848 5399 
6653 3090 1188 5061 4625 9659 4565 876 4673 316 4490 877 6917 
8063 2838 6520 9638 9670 2127 3402 5263 6160 3288 6252 2824 7465 
8091 1992 1829 5657 4219 6623 9623 9511 4793 3743 1527 2252 4708 
4848 1178 6169 569 5788 2192 6478 3452 8294 5722 989 2457 6251 
1534 6550 6214 5479 2724 196 8844 168 5044 7770 8448 2510 7784 
7458 1410 5247 4727 4464 4340 6435 5965 8150 9592 8518 5752 6285 
4036 7517 6059 1346 6717 4582 512 6068 9542 3573 4448 5264 2167 
3892 4078 9862 4707 5608 5163 4371 4079 1007 9888 4946 4479 5427 
1317 7789 1865 2482 2536 7828 7479 4831 5063 8789 2424 5076 6882 
3851 974 9227 6174 3414 9566 7608 4925 11 286 2889 2930 6374 
6024 2829 5445 5996 8008 4944 2651 2951 9038 3897 2783 292 781 
6213 9037 5147 6819 4821 8220 139 6796 9062 7486 4457 2919 5010 
4096 6940 8414 284 1856 5292 9338 4621 2004 5540 5861 4558 6280 
9557 4630 9213 8731 9801 4861 4418 7944 2003 7699 4538 4912 6798 
9671 6630 1071 5982 5729 4097 5605 836 6009 3067 9074 7075 1492 
5616 4810 6999 2206 3759 4475 6289 3019 8684 5659 4374 6829 2162 
8393 6153 6407 287 8845 2365 7904 56 3576 4874 4605 871 9269 
8760 7982 4445 2047 5189 8839 7817 1400 9333 6562 1368 8577 2165 
1237 8785 2359 94 9548 7612 9318 5476 9099 4385 6017 6872 1026 
5472 5249 149 5716 8178 803 271 1259 3095 8257 7604 8127 6581 
9685 9452 777 7272 2294 603 4264 5108 9871 1386 2308 5176 4865 
4757 9353 5504 6350 1749 3025 8496 6351 3954 7686 6639 5166 6698 
7743 724 5135 9451 8204 9260 2623 1920 8188 4249 2268 2226 6331 
7810 4570 5046 7672 5748 1708 6161 1251 3963 8549 8149 3137 8259 
2949 127 9499 5623 60 978 4540 2941 5465 5370 8974 3936 3741 
6978 9562 8143 6247 2922 6046 9410 9691 8478 4765 9509 9633 945 
7338 4932 1554 4720 9055 2104 4750 6438 27 8830 597 1276 9229 
2700 1040 6572 1418 8966 9031 6469 1780 5212 900 2378 8233 5686 
4100 8992 5750 7100 4564 8162 8253 3728 9206 4379 7481 8285 3848 
3457 4170 9199 6532 5450 6298 468 7502 8677 6366 2867 5216 2429 
4632 7050 8170 2967 2852 8537 7029 6729 889 5109 5714 9807 6911 
5229 821 2892 396 3618 8165 6650 948 8532 3589 8341 9916 3763 
9681 7472 4176 6297 5676 5819 8297 9238 2076 4924 4653 5667 2154 
5177 6112 2106 4517 7369 8804 2754 267 3005 7622 3655 629 4626 
3089 2890 8412 3028 9106 1687 2571 3545 4145 6369 5562 6559 3592 
5296 5251 116 8221 8653 8482 5448 5838 5055 559 8774 6056 3303 
9160 7240 4416 5536 1979 8356 3327 7123 7800 1485 4301 2737 9185 
676 5493 3578 7165 6943 8890 9994 8817 8873 4331 1272 7307 2663 
2646 5118 376 8834 4350 4004 6664 9284 2626 5125 7857 4880 3375 
4979 8020 484 4528 7211 760 9386 4964 5509 7435 8295 8676 1999 
9839 4427 6359 8623 6463 6553 1820 7355 5953 540 29 8586 1887 
9418 3820 3405 5091 8248 1129 937 7890 1984 2194 2923 7654 3064 
1701 3757 2394 1474 8106 660 2806 9989 8068 1177 3849 1813 2330 
6822 9971 3536 2120 4153 2440 2817 4658 9183 1867 1238 2329 2262 
4105 5611 9606 9442 7903 5381 1342 5860 5872 9393 1280 6710 3105 
5461 4911 8548 3557 5848 7617 4823 8193 9751 5595 7133 903 7688 
9004 7044 4554 4557 8046 5967 5003 6107 4414 2972 4585 8857 3283 
5756 5556 7701 2163 2570 5925 955 8410 8932 5521 7680 3281 6736 
8547 8306 6920 4128 7485 6876 2559 7467 2146 5236 4744 3707 4767 
5083 9712 193 7086 8468 1941 8354 6801 5186 4982 5672 879 9551 
1430 5643 243 7533 5646 514 8484 6089 1145 1512 9127 576 4065 
175 4667 6103 4410 4780 1509 5742 4735 5291 9596 6779 9232 1239 
427 2485 8396 6704 1201 9301 7511 471 5711 3217 7299 6401 2254 
7905 2730 2870 5344 8045 1336 1141 6761 2255 8208 6271 2297 9603 
7679 7225 6685 5500 8767 7535 4897 5655 1312 3458 7993 202 3326 
2881 6525 1350 1758 4130 6356 456 6225 8770 2899 4402 4875 5980 
6933 5888 5961 5059 5942 1475 5362 8504 5919 8034 4798 1287 9663 
1853 5405 3447 7128 4988 5257 8811 1507 9036 431 1155 9231 326 
9341 210 5244 5032 4820 8376 9934 8825 3433 1107 4843 6887 9956 
7815 2569 1905 906 9889 6002 6952 2314 5708 8022 3411 3382 5696 
8499 5015 1372 8716 7306 4858 437 6600 3226 7614 4230 8081 2810 
4399 4758 4807 4064 7347 9398 9427 55 249 8275 2350 8076 1482 
9019 2797 6378 9137 4473 2777 4718 1193 9627 9198 6645 4295 280 
3688 1724 8580 8270 4643 8822 5747 4183 6567 7038 93 6816 6063 
8996 3837 3624 5946 6791 4508 8013 2182 5951 9014 854 767 3937 
4978 9523 5313 1408 9805 8320 4808 3948 1661 4646 7183 4276 3249 
5810 5974 1345 7459 5666 7055 9489 8735 8070 7274 6840 2609 7208 
7727 3797 1301 4144 1326 1109 3645 4992 7399 7633 7065 9310 4015 
7166 9556 6991 4366 330 296 723 1860 2195 6198 5772 5331 5154 
1157 3343 8277 1095 8515 8984 8318 7827 1956 1541 5713 7203 890 
2403 4545 7793 1189 7922 4441 4628 9820 1282 5757 7791 1308 8062 
617 2790 1909 4873 4578 5121 4273 1325 2551 4904 9484 6058 8519 
6381 5839 4566 7574 3663 9358 4334 9569 3114 6640 9302 65 5262 
972 1934 4609 4763 8311 9924 2540 6167 9263 8593 7239 5990 7335 
9217 3171 5889 52 9362 477 3574 312 128 7093 5804 1086 6769 
4058 9104 9276 3853 1955 2891 7042 2302 4839 2695 1927 1462 8926 
5871 5117 2739 5769 3515 3882 3086 1200 3129 2340 9039 2180 566 
8658 4308 6344 8797 5547 5462 8423 5939 1457 3549 886 6465 35 
3057 3147 9319 7070 1184 2172 7552 4663 8691 2246 8715 5217 4454 
7193 6268 6434 7493 9404 3348 1436 1212 9652 5452 9496 5451 1561 
117 9303 637 2928 3117 135 4610 2771 3930 9686 485 1311 1456 
9058 4214 6260 5373 105 7550 1902 5703 8986 6105 5831 1773 422 
405 1716 9016 2968 6336 19 9193 1873 3665 5371 7788 2491 5112 
7184 6014 4429 8814 2991 6896 9910 9689 2376 7519 2885 4107 4304 
591 7429 465 9829 7058 6274 1752 8753 2862 3641 8049 6076 1550 
2931 1406 6329 6426 8121 320 7977 5396 7084 7724 1540 7080 4842 
7282 6257 7040 659 486 8964 9940 9350 8103 3102 2205 4261 2437 
493 2453 1725 9867 3752 2005 1805 717 3410 5527 4909 7236 8981 
1220 5258 7171 5590 7490 4693 713 2331 1306 4940 4787 4612 2156 
8872 5987 3323 2362 8949 5661 33 2579 2865 7113 2174 9248 4476 
2342 3083 3030 4172 6799 4721 2512 2096 8835 8232 5206 5615 6095 
8655 5740 7314 738 333 4970 1392 2236 7159 5807 9964 7945 9763 
5825 5160 7141 4343 9758 6676 8322 4629 5114 5550 807 6246 2594 
5704 3524 7528 9305 5783 6632 4194 3081 88 7478 9950 1226 9121 
1704 3558 8058 4786 9210 9501 7598 510 2044 3900 702 3014 6373 
2291 9218 9275 1128 3092 5960 8853 3062 6093 5478 9641 318 4815 
9932 3349 8768 7575 2035 2659 4847 1101 6098 5697 2097 1721 6805 
38 227 4150 3659 9215 9272 161 3278 695 1996 7781 3339 4622 
5574 4983 5579 7898 9169 5681 1403 8533 9436 2059 6714 8432 7317 
5707 7404 5525 8556 1319 2351 4827 3480 7714 3555 5401 6108 6588 
6589 2927 7647 6530 279 1037 1166 8939 9593 122 7947 7962 3267 
5685 6094 3855 7960 2284 3251 3877 3873 4541 7400 1783 6390 6948 
5416 4400 1451 9466 5528 6159 9384 4392 2006 4522 3228 7138 3798 
3373 3918 9625 737 3111 3246 9750 3955 6844 6802 2388 6116 9597 
1135 7448 4381 1379 7483 95 3678 1059 2608 8972 4705 415 626 
3777 3537 7021 2051 8288 3596 8131 9886 9782 2690 1723 7228 1544 
410 3051 8128 8560 9637 3540 862 4894 6172 179 6832 120 4149 
2819 1324 218 1894 2173 338 1335 9278 2803 9102 6305 5148 8463 
8843 4356 9921 6037 8514 8325 9361 4833 6020 9785 7436 1020 6848 
8470 3894 228 8649 6543 2794 1836 4662 5039 6485 270 6610 2413 
8267 7167 6313 6480 4026 8769 6518 2589 7376 4322 2581 4024 1670 
2400 6561 7861 5429 3638 8443 9390 4387 7329 8292 3627 8793 798 
8806 6795 5868 2462 5978 9559 9974 6865 1655 7769 7427 6323 173 
4099 9983 7085 224 3538 1286 787 9972 7494 2914 9621 731 101 
3148 1671 8849 7452 4354 3703 1321 3328 4623 5606 5779 8284 7656 
1236 4057 4209 6813 9455 9195 6692 1730 5973 5822 4742 7938 8273 
8258 1891 4035 1599 3755 3875 8994 3006 4659 891 8901 6237 9586 
5841 3934 6255 8983 7033 878 8875 3926 9694 6515 1115 8254 6220 
6958 670 9053 5782 7195 6212 4258 8846 295 4985 7867 121 3722 
6388 4046 2151 2637 9987 9914 2213 6232 4803 2360 1461 1705 184 
3489 592 9239 5273 8962 698 2118 3245 4889 6233 1217 5794 462 
3640 2828 6061 8476 6995 960 3842 6994 4404 6443 8260 7146 5882 
9957 4237 9510 5613 7609 9560 1603 1504 5123 794 7258 9646 5075 
5618 3766 3595 7248 8659 5763 6792 5541 8633 3817 6123 7549 2568 
8473 7899 5855 144 2212 2894 2687 1404 8909 7641 263 545 6651 
4362 1117 3832 6927 5027 4627 1110 8535 9324 9808 9001 7758 6077 
7677 2293 4290 3891 8810 1892 1203 841 2859 6179 793 4337 6226 
5224 3387 7871 2952 6340 2520 7064 893 2853 636 1172 6201 8710 
379 3729 3126 2545 3340 1656 5705 2125 4146 4158 7318 5490 5937 
9981 8944 1815 2124 9072 5770 2879 8003 9474 7405 863 3620 294 
1577 4819 8234 3294 8338 3667 4791 3353 4415 9870 6646 850 3584 
7716 8400 5473 7941 1354 4287 5430 6411 9729 6886 6007 1253 9177 
9043 3600 2960 5679 3304 2800 2083 6726 2215 2032 5496 1455 4532 
664 4309 3896 1589 8647 6421 3614 1362 6738 6186 129 9872 5988 
2325 6584 6244 8164 7122 4461 1732 9392 6415 2632 2837 5287 2933 
5694 1374 5817 1291 3715 9061 8977 2227 2827 7189 3748 6290 5594 
4274 669 9423 5411 1762 6765 5883 688 3726 7150 8095 8516 7030 
5169 3377 8224 4029 7721 623 6534 2393 3482 2363 6418 2697 6912 
9968 7016 9223 1923 1967 7241 4306 2135 1023 8454 1606 3022 8174 
6570 4141 5506 6493 5979 9368 1283 467 8247 8035 3371 6295 9922 
4094 8862 6691 5475 7202 136 3256 9673 177 7451 8736 7393 8052 
7852 2987 3654 1396 6185 6088 62 3416 9943 2128 3305 5306 6557 
8688 8538 1045 1566 2760 8575 8660 8302 5631 8988 2248 5584 2292 
6558 2718 9425 7586 3758 9723 1970 5632 2770 4529 7921 350 7643 
2822 5284 5652 4604 3103 4781 3167 4104 9583 2411 3395 3862 4699 
6569 729 9858 6183 4299 4396 593 3923 2670 7234 8614 5989 6554 
6060 354 3521 7579 5137 5133 67 3420 6953 1706 848 3293 6355 
8329 2175 8534 9852 9732 2628 5760 8947 9676 4048 5803 9898 6202 
9009 5746 3124 6976 1673 7715 7415 8801 8183 7761 6810 6854 2970 
4704 1225 8666 4666 1573 1610 90 6223 2600 4961 6437 6357 4543 
8750 8788 1594 6930 6705 8906 8099 4355 1666 8222 3439 5949 2369 
1019 9706 4620 2183 1797 8431 5198 9746 2391 357 9271 4692 9402 
5530 9658 87 6470 3314 3753 1355 4010 9717 8175 9216 4980 6716 
6926 554 1711 4489 8615 537 9321 5379 1548 3026 6175 8383 2850 
4515 1609 6975 8791 1250 8910 4247 6012 2882 6427 8858 8930 7340 
389 7870 4575 6145 82 1161 9946 3599 2617 8104 7678 6786 666 
4178 9142 8044 536 8752 119 6221 1449 1505 2300 7767 8083 2647 
147 8599 1444 7989 7776 7931 3732 1349 5545 4879 5909 730 6157 
7289 3801 1515 1645 3189 6606 1004 6384 4867 9843 1785 8199 377 
5404 4007 8746 7104 4506 3867 2620 3472 3582 5853 9207 1736 3983 
5390 3933 2133 6162 9351 2309 5921 6538 4635 3101 5392 4332 8025 
5947 4818 8494 9704 8775 6652 4703 3572 2229 4167 2811 5573 4061 
8495 875 7215 6327 6408 4267 3718 1543 4017 6759 4226 6957 4088 
647 9879 7106 9407 8328 9096 581 6715 7069 4716 9433 6585 5268 
7618 5773 2130 7014 896 3203 4335 8261 2223 4959 2269 3274 3499 
1343 1014 5295 8622 2450 9030 6150 727 9446 9355 9268 7074 9953 
1329 6502 5280 2352 3367 9403 5421 9372 916 3417 7119 2496 3691 
7417 5915 2272 3234 3563 954 6939 8583 7556 2370 9352 7961 4231 
4896 498 9555 1556 1925 7653 8598 4367 8159 2417 9986 246 4430 
6391 3041 4806 9653 8406 6892 8578 4811 1971 6206 6025 6671 5609 
8197 4279 6625 7787 6429 4001 9506 5854 8404 6492 459 4876 3454 
204 6398 6362 5486 9157 5275 6545 8602 5582 8568 3206 1669 235 
2240 707 5333 7076 7634 8778 7371 6778 211 2508 324 5094 3087 
5730 3270 5856 808 7325 5380 4689 8237 2704 6416 8912 911 2561 
8617 7143 511 7230 6945 9874 1849 494 2224 6080 115 2556 4466 
6868 8039 7766 8559 7676 6151 276 335 9962 4365 1320 6482 884 
2122 9107 9158 343 6182 9171 6507 7626 8489 1608 9525 8391 3541 
2763 7238 9147 3716 2036 112 9540 4556 1974 4383 5622 5568 6724 
7160 1558 5235 7067 5985 4038 6971 9130 6746 7536 9083 2676 3209 
1206 290 26 7995 6549 178 6852 5089 7066 8113 9795 8291 1387 
9281 3237 3650 110 9495 262 834 3154 8033 5468 3928 4424 455 
1478 677 722 7927 6793 7692 381 9411 6511 4669 5173 7179 7089 
9997 9389 7623 3132 8272 9696 1152 1879 7897 6678 1432 2656 8421 
9979 1278 4660 1032 4976 8296 7221 7818 3268 9554 2447 8475 2075 
3116 1564 3408 7310 5693 5954 8179 1665 1123 6677 8815 5151 1763 
7444 9815 4344 4491 3009 9327 1947 8965 5341 5294 8724 4500 2136 
452 9486 4790 2459 6081 447 8100 98 6163 5181 4395 4908 1895 
131 7703 5920 2826 981 1982 1125 2735 5002 5360 7539 753 4 
7091 6083 2547 1132 3566 7746 2544 2114 8662 8056 6573 8742 3610 
3359 8456 5432 7753 8394 9865 8562 6383 1487 8764 7331 8713 9342 
9761 8566 503 9244 5101 8016 6035 6745 8744 2179 2940 5796 6320 
7356 3514 1183 5020 297 7567 9437 6156 412 1122 8732 5959 9975 
3724 5210 6935 7243 3183 6122 3109 5827 8349 6983 2893 8287 3312 
1799 3738 3290 5302 5645 961 8363 1146 4394 6834 4733 1067 8878 
8061 4300 897 5022 4552 7477 2901 6467 7544 9584 4138 8173 8685 
2276 226 6533 2586 1168 8819 6447 9825 2421 2060 1994 186 1307 
9811 4881 1137 2562 2281 9471 9493 2010 966 6459 654 4697 3932 
7889 9012 3448 7056 9047 6501 1270 5944 3259 5477 6661 5544 763 
3719 3502 2767 2458 1076 298 7447 2490 4713 3644 8000 3094 8636 
6830 4634 8050 5516 4459 9738 7682 425 1886 9764 8790 5639 6349 
8645 1402 894 4709 6812 4834 7414 3977 8757 5037 9553 1616 8004 
2336 7098 6410 1398 8246 6800 8009 4260 5895 2535 8347 1896 9045 
3045 7925 9034 6898 5649 2897 796 2089 9480 873 291 9270 1452 
2327 3953 8102 8692 9172 3276 9079 5376 9687 92 2406 8870 1863 
4712 4759 9942 301 6207 9230 4159 6195 7471 6196 9575 1847 2538 
9444 1062 5297 453 2980 8530 9492 8595 8950 3951 811 3886 5654 
6021 5972 8787 2802 4405 7003 9524 3390 9458 6699 5727 8239 538 
28 6282 8541 5069 252 6913 45 6949 7853 7821 7886 9167 6970 
8398 1151 3973 2653 8148 6499 9730 1586 4113 4277 9618 306 608 
8980 9669 8122 6126 5071 8995 9739 393 8202 7204 9044 2100 8146 
4963 8555 5482 6310 5004 8954 6627 5182 8888 2382 3812 3550 2475 
2053 355 8265 7097 3725 1549 9359 9325 8357 9740 2725 7814 3004 
1698 2474 3922 4014 5485 8850 4586 4406 8491 2493 7569 9753 9094 
8748 4398 527 986 9279 9420 7505 2018 1631 7134 2864 895 6741 
7671 2809 4347 1112 83 1800 1249 328 4969 4916 4503 1284 242 
1266 5417 9077 6142 2701 8042 4468 8991 1852 6616 7785 6440 3119 
5650 6669 1103 5042 3468 8937 4681 4030 7287 4668 7012 1271 9292 
7374 4773 2092 7102 4282 3356 4788 5142 1966 2662 6446 814 7515 
8570 8425 8118 4637 5150 8946 6494 6100 1646 1890 2898 7316 7545 
3823 1528 6814 4965 9187 5418 7731 5876 5087 6457 2887 3250 7363 
219 9645 5426 3285 1659 4215 9242 1691 1547 8900 2416 4956 930 
3658 7607 9422 256 3958 9899 1344 7151 7807 3077 7882 3157 8943 
8365 3483 9267 8725 3104 8043 9674 7484 9741 4706 1555 4327 825 
6487 6576 2784 2317 1677 7117 475 6823 245 8915 8137 7197 6180 
5393 8010 2841 2779 3551 7148 7132 5060 9419 449 1060 5567 7883 
5053 2753 8639 3273 8314 9252 7888 5651 874 8313 8896 9394 6317 
3619 8381 1468 5619 9140 746 8529 7428 5863 9806 399 1703 8911 
9690 7616 8796 3736 7843 7170 4302 7418 2261 8214 7750 5435 9021 
7717 2728 6535 2296 6050 8721 5712 7116 1133 9600 8756 3368 1694 
1195 819 3044 5879 6878 323 7702 6938 8681 3916 6372 4665 1680 
6954 5936 1641 5165 1560 1127 7395 3617 8201 6873 7081 3363 3035 
2380 8867 1840 7869 1028 8362 4590 5754 7839 7804 4800 2356 9485 
1686 2929 5683 7337 9204 6637 8585 4967 440 3969 8527 8837 221 
8134 6092 6988 9439 3277 3233 6649 313 365 4813 6858 3197 499 
7007 1682 8628 8209 3231 8894 8028 4196 7177 4041 7413 8632 2341 
4951 1861 606 6634 5050 6770 4151 4391 7464 2669 8693 4324 657 
776 3570 8705 401 5025 965 867 4886 9369 1843 7856 1501 5321 
4569 5188 3684 7711 8729 7657 1819 9701 6405 7896 3662 1302 2507 
5492 905 1625 7914 6934 4539 523 2190 1104 633 4109 2218 898 
9833 1667 7207 158 1870 7649 7062 8879 6455 8587 1460 4443 7161 
967 9933 3809 5207 2537 4563 1079 8706 7219 1196 5228 1224 5162 
9854 9624 5922 77 9788 8075 7940 8195 2379 2265 8360 716 8833 
9796 2985 5687 5174 4087 4368 8638 9985 3989 5391 8695 9648 1822 
4611 6508 8889 9878 2169 943 7362 7136 3357 7768 8089 3462 1010 
2073 1963 6967 8487 9331 1499 5786 3799 2131 7551 5051 9882 7315 
8766 4013 3735 1358 3131 1046 7693 899 7926 2011 6831 7546 3380 
5627 2736 9918 443 9736 2427 7017 4120 5197 740 3612 6055 3739 
9266 1096 8861 2170 40 1635 5026 3903 8551 5656 3136 5323 696 
9675 3204 9378 3633 6288 388 8310 1628 8415 8014 5534 8210 3847 
7407 6902 5000 8240 5998 4748 5330 3944 1964 8436 8303 7735 6301 
2253 1140 2619 6138 5480 364 7162 1247 1521 176 1453 7011 1051 
7334 4313 3351 6579 2465 2320 4544 4434 6528 7531 5539 9415 7421 
8469 8592 5774 7168 6422 3562 8215 9008 9517 4656 6454 3445 1228 
3606 7689 5308 7346 3512 7706 8243 1869 9634 2123 7283 2734 764 
8252 2441 2402 1330 3656 7109 7411 639 272 5875 7816 3585 4527 
1304 3252 6248 852 2111 2196 1624 7372 7630 7391 7583 1267 7756 
8460 6990 4504 769 4240 9085 3177 5155 6253 3878 3511 2969 3734 
3843 3676 7573 4027 8011 7697 1090 3403 7956 3080 9853 9582 4887 
5828 7205 531 6449 278 8521 1464 7495 5914 6143 4114 6825 4067 
6916 9170 3874 914 429 3161 7035 2703 9013 7601 1448 7859 8212 
32 8005 8203 9683 881 751 5501 1511 9274 9966 3149 3858 4042 
5734 124 4595 7554 952 4060 5991 7919 7142 2466 645 346 5215 
3493 9819 6022 416 6330 3913 4408 8975 8951 5977 165 5670 4164 
1097 560 6672 1990 411 9757 992 5718 6424 8960 8874 2624 3616 
1786 1388 8293 8072 8727 8140 8377 2528 2368 786 686 1939 4101 
8492 8908 8737 4310 5690 7794 3775 2799 3001 3079 8136 6728 6509 
3376 9149 656 7516 8979 1546 1591 1570 870 1002 641 8213 6997 
844 3554 4103 9354 1841 4853 9521 8812 3978 9049 4246 3631 4069 
7958 7523 1412 9541 7410 8429 6 8161 2438 699 9465 100 5364 
8581 3976 8771 2423 5591 1709 5558 9713 6306 1642 9695 4073 8657 
9373 2225 8761 7969 6709 6115 6828 7577 9747 5621 9487 2509 9724 
6450 380 4505 3967 9112 2796 9800 4905 8728 2748 5833 3002 7198 
3727 8679 4161 4216 5466 9642 9678 2749 8085 8613 7860 6456 1837 
3422 4098 9900 4278 8426 3747 2747 6702 7049 269 5791 7685 317 
9702 8621 9120 7563 2962 140 3162 7833 3178 2625 5464 231 7972 
8041 4768 5211 7744 3899 902 2842 8308 5052 4915 9759 697 5952 
1571 2164 1806 865 2001 1739 2345 601 1962 8699 9138 8453 3950 
5764 4269 9561 1734 8802 1055 496 7437 9488 4698 2063 6782 3723 
5219 3479 4303 8138 869 7178 7953 5143 5073 1033 2199 2405 8642 
5009 6693 8378 2301 9577 2080 8071 2603 4198 8395 7719 6862 5153 
9103 4440 5894 6091 265 7632 9845 9257 4284 8976 2943 8708 6259 
4661 9528 8762 1481 7590 2257 7865 612 2211 2994 5406 9901 1486 
7419 6304 4782 1198 5260 8405 7231 6826 4593 3024 9850 1664 9543 
1165 8352 6859 5802 3501 8922 9066 6657 6045 6907 5124 9330 9951 
1764 7959 3811 4921 8132 3384 8307 89 2065 5290 6624 356 4233 
3011 3880 141 6807 8276 4012 2764 3346 8631 782 9715 7881 6701 
6850 8060 4920 9000 9256 2795 679 6015 8428 9399 6700 9527 8682 
3960 7434 3317 9406 607 1924 7782 5185 8654 4051 3342 8507 6842 
9119 2839 9755 2392 4892 6144 9598 9076 5999 68 7704 8893 1719 
5537 3686 2346 3904 957 9432 3330 3271 2166 9181 1467 1826 7795 
7829 4989 2684 6127 6719 7979 6546 200 9999 2915 2549 6004 8680 
3529 8168 9491 9891 2982 1771 3507 8317 1741 9895 951 8196 2074 
9189 2677 7592 6155 8268 8241 768 8194 4254 2815 3163 8038 7381 
6906 9464 2071 8563 7929 1399 3613 3329 2558 6665 5356 3587 1424 
7937 7121 6880 9429 8694 3470 8608 6132 6096 4784 6982 792 4206 
5261 8211 8472 3254 9892 3893 9632 9153 9111 8672 7562 382 6682 
273 7280 9421 6053 3603 220 1790 604 9859 223 8689 4845 8380 
8373 2141 4526 6635 8493 6666 332 2102 771 6348 6703 3699 8283 
8107 5397 9251 4651 5269 6119 5699 1653 6697 8745 7850 407 9826 
8125 8755 7039 1795 1696 3927 5664 6874 2745 9682 4455 3995 9241 
4162 5535 8940 3946 9200 9650 9089 8111 7824 8866 9316 7048 7181 
8777 5013 4257 1352 9960 1216 3982 6303 7390 9754 4725 5316 4238 
7025 7973 7978 6602 9460 4942 861 3622 9756 3202 8278 7125 2176 
7300 7555 8640 4272 5202 8180 9581 5570 8707 9470 1134 3205 4919 
3450 2295 6326 7595 1187 3579 8990 8720 5695 9250 4958 3784 1525 
441 5348 5319 8855 6262 2494 4835 6539 3931 3208 9775 7946 4224 
4530 9734 6979 9771 6541 5790 9536 846 4220 8304 9110 1622 502 
5209 9558 1917 3642 4686 1105 5578 197 329 1710 406 8190 5463 
1875 206 5610 5314 3701 2434 7223 4373 9804 2260 7765 3243 7461 
6924 1361 4147 7690 3027 5301 9237 5092 2708 8388 6655 6656 9619 
2557 4062 5823 3036 1824 8600 9345 8171 9383 359 1881 3110 3731 
3366 7560 340 6041 5062 6379 7849 5529 6542 6389 9563 6767 1435 
1367 2467 909 421 7855 614 9595 7456 7237 8781 8430 1838 8029 
6932 3911 6548 8561 7247 7323 711 5660 3487 587 2041 580 3915 
5917 2717 5085 2863 9952 4171 3123 8464 1274 3125 7037 8648 9283 
9002 2907 257 5270 2900 7077 3773 9134 8661 8227 8831 3997 1796 
6395 2648 8607 5355 2197 3310 8018 4860 500 708 3971 7729 1016 
8663 236 5966 3239 8135 3857 6815 1370 3776 4747 8002 7877 6192 
2516 2334 4118 8344 6129 6722 5090 994 1567 9925 6311 9720 7420 
3053 9317 4179 6950 3135 7379 73 9426 6307 8717 3295 6794 8913 
7581 5126 1169 3495 8172 4312 5252 9762 880 9005 5553 5723 534 
6165 1768 720 845 8883 1991 2399 9823 7281 285 804 571 7144 
2692 2845 9919 7047 506 7057 7646 5601 8798 6505 3388 489 3787 
9930 5891 4291 6596 7797 241 4127 6325 2912 8501 2935 8579 732 
735 5589 8112 9017 195 1182 7635 6855 2016 5253 5789 8702 2766 
5904 2531 2145 9273 2529 2333 3598 610 8370 2449 1035 6946 8511 
2210 9728 1230 3255 3888 9424 9656 3544 6054 1866 2395 8486 7137 
5635 6066 7321 5806 7092 1163 8953 3040 630 4187 3593 2419 8251 
300 3471 167 6565 4314 6915 9052 8390 4023 1102 7670 3791 3941 
8824 3830 1281 7974 2415 838 685 1562 4760 3071 3431 7648 371 
4885 6996 9376 3991 4519 8921 2500 8868 4326 650 1640 5324 4462 
7373 1106 6146 6476 6687 5347 254 1611 5518 142 5086 4168 4283 
9309 4380 5975 8820 4486 1514 1961 6315 8444 9546 1928 3075 1081 
6609 191 917 4173 8108 2729 369 2971 4420 7585 8899 1211 7558 
9726 3318 4939 6601 1089 5505 5865 9428 8397 4675 6032 3196 5840 
2917 8543 2448 3816 5969 9385 7271 6404 7935 2288 9090 8153 5818 
4329 4918 857 5738 5588 1729 4648 4055 2554 6712 4208 2454 9366 
805 1614 5532 2316 3517 4043 7229 7431 9209 7759 4520 2259 7507 
8567 2973 3947 2189 2804 7361 980 4085 996 6062 2592 5916 5759 
4123 8923 8865 7273 1600 4995 8155 6365 4923 9887 6462 9473 4678 
1766 6731 2039 1413 1114 515 1757 3876 2139 8086 4615 9534 4137 
9448 9836 1252 6136 2567 3714 5415 7320 3379 8552 3831 3790 8711 
756 4000 6785 5428 2913 7611 5824 1315 9884 8558 6491 7891 4110 
7514 5195 998 9707 5719 6972 3553 9068 4740 7603 2086 6845 7920 
6890 2710 5443 476 6654 4452 5603 6821 9719 7775 1397 2021 3490 
9440 2706 7943 2527 4093 5266 180 3789 3473 9259 2591 1254 5171 
3571 2198 1748 1235 6090 2270 2217 8364 2287 9864 3143 7930 114 
687 8945 4694 3229 8670 3332 1351 6883 9958 208 4191 9518 4664 
4090 2119 2908 9254 1812 1601 9714 7866 3939 5829 1231 4409 5943 
1663 2375 5320 6010 2995 1185 818 7500 2788 997 7848 6503 6474 
635 749 552 2258 6732 1660 5395 5543 7619 1940 772 8151 8973 
5992 7227 1158 728 2432 2477 2954 49 9535 9698 37 7912 4751 
2181 7751 9115 5340 2976 9225 1385 4618 5281 4122 8931 9655 2903 
8305 7330 7963 9651 778 9927 5795 9132 2486 1244 2386 710 2835 
5213 6074 1243 6586 5731 3461 8353 5957 3313 7059 9731 9032 1159 
2846 3523 6720 6737 1517 8897 2740 3296 8417 1557 8876 7041 3533 
3442 4900 532 5017 9802 7020 5293 8331 6254 7172 3107 339 3935 
5614 4403 5596 9145 6222 4749 9812 773 8512 5805 4393 6000 9258 
3866 757 9294 9568 9118 3485 9475 8823 9320 3601 6937 3093 3437 
1569 7327 8601 6052 9148 9666 1363 3385 2801 3508 7542 5787 940 
1022 402 5168 6895 6069 85 3683 198 5159 8244 2957 5368 4307 
3850 3749 5653 1726 7305 9176 2328 646 8074 1938 4878 1533 2694 
7548 9803 7107 248 7506 4439 8299 8827 6923 7051 7582 7158 7764 
4547 9143 1542 1160 7111 3463 3264 4642 5726 9827 1491 5377 5852 
8895 9797 8316 4926 7822 1988 3419 4186 5363 9947 5903 9375 4974 
7525 8643 9965 8189 4182 2014 1171 8734 7936 8783 51 7819 2541 
3781 5843 9080 5907 1334 446 9748 9917 8637 622 8675 7220 3407 
3182 7874 1148 8869 8375 463 705 9752 7526 9611 6644 2627 423 
372 3072 212 2093 5357 8330 6642 3355 928 1576 7004 709 766 
6607 6621 5918 968 6780 1651 1092 9849 4548 6718 9768 7153 508 
6964 5374 3164 9735 6989 6420 2773 6423 2743 9255 2017 6804 4732 
7572 752 5088 1513 2920 7217 8451 9401 41 1877 7796 7349 4428 
8678 7245 414 4607 7566 5409 5232 9396 4437 4281 9777 3985 4165 
9840 2290 6956 9549 9245 3898 5859 3223 1041 8597 2642 9539 929 
9435 3717 8903 1590 7832 9029 3464 2455 9497 8441 6294 2874 8528 
7206 8963 4639 2843 9954 18 1580 4902 3785 4442 9602 6382 7450 
8772 5265 8854 8066 6500 1162 9684 4579 8084 8467 3870 472 400 
3546 1292 6914 5932 1111 1118 9417 7492 8891 9893 47 3700 6110 
8392 2472 6973 2503 9388 2286 9416 3651 3145 4251 7901 1889 7895 
5625 9926 4710 1179 5814 2681 4002 4521 9783 7352 517 2596 8343 
8309 2479 4877 8092 9772 229 6498 2015 3528 6396 3698 5343 2657 
2938 6197 3861 644 9092 4108 6278 7913 1245 3393 1113 9314 3459 
7455 2921 4188 9123 9710 7691 9703 2161 6648 434 8312 4009 2576 
5205 4227 302 2523 4832 3902 4330 7192 712 8185 2583 8838 9192 
1042 4722 3815 1181 558 6663 7559 8851 7445 701 1012 6181 8281 
6870 741 9745 3879 1715 1039 3907 9307 5119 8938 9332 9693 187 
8718 347 9063 3466 7008 6319 1061 9235 5438 9482 1906 6764 3964 
7072 9397 6919 7126 1770 7002 4922 8334 1872 2159 1952 7186 9468 
1227 627 4438 366 2875 1634 8424 2593 7513 1261 9533 134 5880 
5484 9114 4510 9430 2590 9339 8665 8542 103 7835 1728 3241 7440 
8782 1893 3435 8047 4436 9614 9133 8860 9851 9070 1855 8627 640 
1233 5470 6141 2171 1868 2012 9240 4092 3297 9414 2560 3672 7994 
9861 6106 9335 7915 516 3127 9126 7430 7416 1496 203 5798 7838 
3227 1803 9905 7723 962 7441 3704 7383 1738 4914 9377 932 6276 
2821 9515 8584 1816 4142 3986 9688 7658 7591 2084 5096 9786 4369 
8754 2993 5565 3333 8465 5458 7636 7053 3097 5298 2024 3804 7813 
5955 3219 3829 2241 8223 7600 1619 4265 7975 826 4990 7610 7118 
2517 1050 1581 3856 5016 2861 5668 1833 1627 1369 3358 3133 5698 
7801 1584 7669 5328 5890 2049 2686 7894 491 7187 7576 5896 6727 
2082 331 9937 34 7628 8840 9190 2099 1365 6613 2401 3253 7279 
9243 6033 2587 2387 8765 1364 3037 7718 2347 802 1809 6111 8129 
6771 6643 2936 9631 7823 5099 5906 2550 1378 1299 887 1915 7088 
259 1712 7967 1036 3321 7629 9337 3319 5940 9261 470 1907 2397 
3432 8439 7594 2909 3520 8989 4256 6777 6495 4319 9412 779 9226 
651 8818 274 714 6036 264 9380 5846 1526 5776 3066 1030 4121 
4583 3705 2945 4830 6981 307 6040 5753 8333 5431 3813 8941 7216 
9054 1126 4421 2774 6560 6038 8097 9503 6951 7403 1438 5078 2975 
1434 1668 8105 8826 2030 7837 9616 2522 5045 474 7401 2650 1143 
3301 2667 9505 847 9599 4993 2374 299 3917 6675 7296 4898 801 
5995 2433 564 5869 8315 8719 3839 1298 9073 1951 6803 8885 3016 
1437 6851 1502 2478 209 6638 6708 7760 9860 7353 789 5826 9360 
3076 2818 7564 4762 652 2081 8669 5561 3054 4221 2 3477 8101 
2410 7394 8054 674 9609 4587 5285 3159 5913 5745 3192 4155 6603 
3825 9454 3674 3478 828 6612 9180 1359 7687 5349 3266 3594 2468 
3890 9938 152 61 9837 8124 4349 8154 1156 7966 4185 3176 8435 
9116 9075 4212 7580 4378 5082 1948 2664 362 4638 5499 7722 1373 
8646 7792 6955 509 7825 8779 8564 3494 7375 6789 2644 3322 505 
919 1523 2078 7060 1340 8236 9620 9069 7561 5761 5419 3782 6026 
9781 2420 8970 6013 2530 615 8231 4222 5881 3760 561 8184 8803 
8282 7140 4774 2243 9605 322 3783 1405 5662 9135 9304 6891 2002 
7013 5935 3059 1018 5161 1727 5785 5033 5725 9869 8290 7285 2132 
913 5519 5724 3833 4018 3643 9792 2649 8088 5901 761 9718 583 
1445 3 4019 6321 4425 546 3336 4200 1207 9328 9876 8447 1802 
5359 2077 7196 490 7270 7637 4040 9526 3711 2481 7589 2511 1034 
3146 975 8864 1348 9573 1639 4523 207 5184 7664 5624 5581 4453 
9011 2267 7454 2201 9262 2731 9453 690 8809 3187 9679 9912 2746 
8656 4325 4513 9629 439 7397 2505 7667 6314 1980 4581 8905 8301 
6406 6431 5604 6387 4650 1058 6287 8242 8624 9018 4901 1901 2274 
7652 8027 4745 1585 9129 565 3581 619 1218 6250 7257 479 3962 
8948 1497 6309 7212 1914 9097 3230 5106 3446 9896 5706 570 5931 
6959 7191 5242 2727 3564 7199 9048 7235 6064 6857 5898 4318 3539 
2321 3838 8379 7110 438 5893 8863 2705 2823 9692 2091 7462 6667 
5557 2069 8098 9977 7006 5255 1288 6809 39 9084 5441 4217 9381 
7438 2599 9920 9885 6641 7224 1222 3100 13 8882 5282 8612 7847 
3184 6413 9604 2883 2425 8073 6900 6614 234 9297 8207 3685 9125 
7174 1074 9095 616 3413 7786 7799 8544 6941 5874 9622 2052 2965 
668 6969 820 6217 2398 3284 457 4966 9727 2597 6293 5830 171 
4268 5180 4025 7991 1199 260 4210 9907 9760 2873 2204 4717 6425 
6075 5346 3925 4154 4412 4232 1842 3099 6047 6866 4166 2732 464 
1409 8166 9191 2412 8525 258 8576 9168 7732 5093 1075 9205 7096 
1421 5058 7990 132 704 3636 8722 5455 321 2813 6984 6618 6400 
6006 2048 3008 1912 2798 7343 7599 9477 7780 6598 9329 3863 4616 
9705 6889 4263 5365 9280 2616 9661 5751 8006 2638 3733 6070 4761 
5552 910 7341 7277 6121 8918 9883 7071 1297 3240 5563 9875 7952 
7312 6696 6333 3626 3238 24 5575 4931 8374 4971 9481 2344 2565 
6360 4841 6239 7489 7754 1935 7694 524 5684 3629 36 6824 9007 
2079 7319 1506 2757 3039 4411 2629 8780 4397 9628 2228 6743 7114 
4657 1583 4342 8080 5 7605 2140 7712 8664 1777 360 1518 7879 
8573 8422 8433 3003 1415 6209 2895 7360 734 451 1006 2639 5460 
9174 8459 7884 8462 3840 6512 7422 7951 1678 3737 6817 6008 4119 
6711 6885 3503 6170 9672 6695 9996 2085 1503 7147 6513 4376 3527 
5234 567 1681 963 9296 6633 6361 6747 9572 8758 6085 4054 2925 
653 8730 1588 81 6184 1778 4180 6571 9697 3673 8508 1612 4377 
5332 3289 7061 6210 742 8506 3188 7557 1781 4597 9794 3186 4259 
8927 5572 5193 7291 5172 8401 7728 373 2934 2674 4083 7308 5777 
5941 5043 3068 5755 4241 3623 7984 4724 6402 1395 2756 8450 4236 
46 1138 4567 2234 8186 2148 109 162 5835 8726 9346 6461 6370 
5191 7748 4754 5994 9476 2607 3017 1960 3696 663 3260 1031 613 
310 5066 2902 934 5800 3660 1175 1597 2283 582 6587 1684 1760 
1823 840 5386 1718 2712 8610 5910 8419 2854 6375 8442 7031 5498 
9984 7443 6679 2645 9194 691 8255 9532 6768 8271 3486 5469 6475 
5398 2443 66 261 1053 8955 4423 8517 9992 1495 5102 2977 413 
9219 3242 7763 2186 4679 8229 3193 4553 2566 2007 8263 253 5766 
1176 9462 2680 7762 1093 76 6277 8238 8230 9821 3712 5222 8455 
3681 547 4432 1742 2812 579 9967 5288 2733 1714 5682 6908 703 
8914 1888 6910 8389 4181 7423 8446 5329 4116 1871 1240 1946 3265 
2029 8286 
-1

